0.0018701325566085228
0.0018374964775921226
0.0018153641903238486
0.0018909132747032525
0.0016414364726583894
0.0014618941196883665
0.001332153730063851
0.00108208631840965
0.001100006436419066
9.572191321742082E-4
8.734689582488918E-4
9.050881395402128E-4
9.523581231475138E-4
0.0010311216652326887
9.338604568851099E-4
7.506142026688428E-4
5.463786657458119E-4
5.866527994098868E-4
6.286309382169328E-4
7.546997349403301E-4
8.876014351815241E-4
8.130875413252196E-4
8.251667823823083E-4
8.272968548368297E-4
8.127726626092867E-4
8.010545813553756E-4
7.382248933765906E-4
6.918279649129884E-4
6.560731476022092E-4
7.601055964796318E-4
7.844624512552988E-4
7.897108242993075E-4
7.176578379916219E-4
6.501613837881534E-4
5.561334555565182E-4
5.01642369930777E-4
3.040670952527318E-4
3.7520590949603923E-4
5.79429400409085E-4
8.931283768260894E-4
9.417028284875346E-4
8.53211713782102E-4
8.290800774552326E-4
5.733349638345118E-4
5.56136162885234E-4
5.358733133948154E-4
3.684871111146078E-4
3.3396753142616925E-4
1.862813610836035E-4
1.9337982486662816E-4
2.319038195562461E-4
2.475912798586221E-4
3.452885507753494E-4
2.98296836482951E-4
1.0227951051399462E-4
1.2913661605408423E-4
2.3977396873321255E-4
3.272514420159865E-4
4.740716096666895E-4
3.828849271040576E-4
2.7591819622626093E-4
1.0513646854034501E-4
-5.0580202816105646E-5
5.0599848839777244E-5
1.5313795660791378E-4
1.9078989694628918E-4
2.6726897698386553E-4
2.7481959360189934E-4
8.472644823506043E-5
6.325703085927753E-6
-2.1229391812061307E-5
5.997722467171885E-5
3.3396333477362684E-5
1.2949834548415824E-4
1.7806166232685675E-4
3.2355811198231388E-6
-2.0556788927058797E-6
-6.911872187205428E-5
-1.9475422743982836E-4
-2.154538691734511E-4
-1.7248743403631365E-4
-1.6492441462083625E-4
-6.201054361944756E-5
-3.0692773856042486E-4
-2.8305533775011514E-4
-1.404848388954702E-4
9.877271866727197E-6
1.6413399925026967E-5
5.2066887838949846E-5
-2.645868222937199E-5
-6.155984377541161E-6
1.418870896421091E-4
4.273806949649239E-5
1.7433986374017912E-5
2.6146661061219115E-5
7.815713473674577E-5
-2.1464516003840035E-5
-5.8849586735196593E-5
9.948995452306597E-7
1.804642913154136E-4
1.779880676539376E-4
1.323211005456494E-4
1.5466297900760314E-4
9.797451284904862E-5
7.87615924024293E-5
-1.7581503335527965E-4
-1.1933562230194948E-4
-4.723496983730351E-5
-2.5458313374805176E-5
-2.513745033226652E-4
-2.4655406563363954E-4
-9.906210230204403E-5
-3.0996537339495096E-5
-1.1119912094427996E-4
-1.6852180627130887E-4
-1.3111149504218926E-4
-2.465399451792938E-4
-2.451837273894676E-4
-3.0097695996984895E-4
-2.826770649942724E-4
-7.190312796518609E-5
-2.7354240698076234E-4
-1.5179831517171758E-4
7.742944948914594E-5
1.6141179563800533E-4
2.1206562928808865E-4
2.7846446986111613E-4
3.240898029279026E-4
3.3059675332065483E-4
3.154595524844147E-4
3.225498474204256E-4
2.2011649587379625E-4
1.7217300860573707E-4
1.9940581998860278E-4
1.3011810543788437E-4
2.036343426974046E-4
1.404156645351852E-4
1.2247057606174123E-4
1.8993967406635663E-4
3.021712481538572E-4
3.3533959610797075E-4
3.8866068706724585E-4
5.97288330847939E-4
6.890191398747306E-4
6.982407835510619E-4
8.156627272433679E-4
7.861456796354315E-4
7.276220318226615E-4
7.92442667271541E-4
7.641207950824496E-4
7.046171939265513E-4
7.582363422049074E-4
7.734803264752739E-4
6.962150172928408E-4
7.158070834320223E-4
5.94917772780694E-4
6.153993239914092E-4
4.869442918809374E-4
4.523053571712267E-4
4.677280130472635E-4
5.290489017364623E-4
5.665472545487299E-4
3.364771627889264E-4
2.2169216289406185E-4
5.7472659916534E-5
8.176354608158652E-5
1.2770518868258397E-4
1.8678010936796358E-4
1.2914298667205878E-4
6.26214586226699E-5
1.1461204809203387E-5
1.5821109427766045E-4
1.5995990212955974E-4
5.649977745286923E-5
-2.71434158394656E-5
-2.5373484300027574E-5
-4.2704697184973994E-5
3.432525155718652E-6
6.832187525171625E-5
1.0302548837216527E-4
-1.8713174619732972E-4
-3.1827792639292467E-4
-6.17139194481529E-4
-8.650288148245623E-4
-7.412962515706573E-4
-6.258936947374956E-4
-5.095757730505784E-4
-4.4275460631794383E-4
-1.9911701542471398E-4
-3.125539703685738E-5
1.8294446775982305E-4
5.229262048711113E-4
4.853693034753484E-4
4.4862354779439013E-4
8.531986500425037E-4
9.06512429990557E-4
8.307519758005335E-4
7.168275440312556E-4
5.567082797162167E-4
2.3416653434220336E-4
-3.691774632989982E-5
-2.99495226202701E-4
-3.7199520176716544E-4
-1.6551029725560794E-4
1.3545960057759904E-4
2.3167968060422428E-4
1.1075585901301234E-4
1.6597558667900449E-4
-5.7286734645063675E-6
1.6557253272627206E-5
2.56237168988864E-5
-5.4214871768737405E-6
-9.61594330921179E-5
-3.687234087698249E-4
-3.404885312208346E-4
-1.7520908615844405E-4
-1.507961898087641E-4
-2.8997015234544926E-4
-5.872086476866392E-4
-6.24592561864569E-4
-6.43952527628144E-4
-6.526441324131143E-4
-6.298559467365402E-4
-5.606076689933636E-4
-4.7284833521190305E-4
-4.7066614716832766E-4
-5.756131798383118E-4
-5.326905410602684E-4
-5.971850109243153E-4
-6.565477543767507E-4
-6.629271238681768E-4
-5.86697323324014E-4
-4.786381626853617E-4
-4.1465252051883783E-4
-5.136755407543561E-4
-6.403623529357833E-4
-8.277141812654161E-4
-8.350847869395932E-4
-8.187119238686862E-4
-8.20273059023973E-4
-7.373001464478432E-4
-6.105299135002185E-4
-4.8535770328637234E-4
-3.909112615027334E-4
-4.23534433464795E-4
-5.390472610587518E-4
-5.055655621062395E-4
-4.1239412021819646E-4
-3.4669174084339324E-4
-2.921236320139152E-4
-3.3312165331063E-4
-3.717450556674079E-4
-6.073303749208545E-4
-5.884073498681162E-4
-4.520828055639241E-4
-4.67312269209659E-4
-4.7301030946586553E-4
-3.918754404861509E-4
-3.468664477959439E-4
-4.61047613348059E-4
-4.951371323741599E-4
-5.885199426813835E-4
-4.939605880175633E-4
-4.656357688611716E-4
-3.230518839702108E-4
-3.6921993002685116E-4
-5.155363356438639E-4
-6.470346861768388E-4
-5.570782566596336E-4
-3.9936064672222576E-4
-2.779887394448802E-4
-1.7812230251200434E-4
-2.4153920517870284E-4
1.8905324454775163E-6
2.600052619251836E-4
2.600890820616021E-4
4.4076977718982696E-4
6.321490648185761E-4
7.310745312973134E-4
6.373533915009708E-4
5.913687420269695E-4
6.476582691721453E-4
5.721383200264982E-4
5.283683882763013E-4
5.200932366691072E-4
4.3626474230385945E-4
4.105750994998006E-4
4.79249159340403E-4
2.787483761104263E-4
2.650206084861273E-4
4.853378876580709E-4
6.125602805193142E-4
4.5777819755292437E-4
3.450472581049066E-4
3.0169929702670087E-4
3.215653503531764E-4
3.598078110734655E-4
5.467653478220293E-4
4.622424172613382E-4
5.08022264251333E-4
5.092951954835771E-4
4.302443418927014E-4
3.615575021681944E-4
3.918365730376343E-4
4.1877190680135457E-4
3.3747167111977325E-4
3.3242279685953904E-4
3.647285005166853E-4
3.23954479609527E-4
2.8181375812276477E-4
2.9994171143857967E-4
2.270180299694495E-4
2.86339735896278E-4
1.6044007658598536E-4
7.806394738268246E-5
1.300637893837421E-4
-5.50672642460788E-5
-1.8491041942413772E-5
7.445737045293568E-5
1.066098636366801E-4
7.956195786841536E-5
1.7417116283274803E-4
2.2403252602156212E-4
1.6034286673892104E-4
-1.0488614446757874E-4
-6.362561305799791E-5
-2.8703740121982513E-6
6.630703595540341E-5
4.3296814425757696E-5
-2.3564115919881556E-6
-1.970591905315483E-5
-1.9534652639824693E-4
-3.3243286337943795E-4
-3.405720003857998E-4
-2.308992728871119E-4
-2.1378535431269136E-4
-3.0680553201089394E-4
-3.38031336938039E-4
-3.790942107215825E-4
-4.327966420984569E-4
-5.172126800306251E-4
-5.455912724722303E-4
-5.282432397411482E-4
-3.4958501372089196E-4
-3.52835329043788E-4
-4.6906232384377744E-4
-5.417650544989258E-4
-5.373467263513967E-4
-4.910713201173762E-4
-5.570270312194696E-4
-5.9101338862819E-4
-7.27577555399192E-4
-6.280375020547187E-4
-5.038948800359724E-4
-4.077546347631307E-4
-4.1368330646354354E-4
-4.3785987210766264E-4
-3.0926290633254486E-4
-3.5436848130569396E-4
-4.245169129045191E-4
-3.7689544426877664E-4
-2.3045882548638694E-4
-1.0836579343547967E-4
-1.5850659976067438E-4
-3.047074859860409E-4
-2.789556658048982E-4
-2.904803954201958E-4
-2.9490339477770966E-4
-1.7542372074205725E-4
-1.5823992290566954E-4
-4.691263148604019E-5
2.63306911663444E-5
4.099546022744843E-6
-1.0043052200340088E-4
-1.8060174485903802E-4
-3.440788465586195E-4
-4.7786684901993115E-4
-8.636689549402568E-4
-0.0012438845212499154
-0.0018869098427771354
-0.002736930339520178
-0.003816581415250715
-0.005083038806834271
-0.0063988404986551235
-0.007851141638003302
-0.009873087718010834
-0.012164251808138873
-0.014842766927244764
-0.01799366131705716
-0.021271331852589948
-0.024824036930918933
-0.028446074895330336
-0.032544696330297246
-0.03718992459029363
-0.04186731942908695
-0.046834009783286334
-0.0519976603346895
-0.05719095220397023
-0.0623660353141356
-0.06763728500959482
-0.07295928401571236
-0.07817993790731771
-0.08333815248595397
-0.08831109950333632
-0.09305837304750507
-0.09761654384414653
-0.10180125720970981
-0.10563433636186963
-0.1091466982902751
-0.11218564795954147
-0.11477736345169562
-0.11667687988363251
-0.118309302513761
-0.11945428001296851
-0.1200818769360722
-0.12000834600872465
-0.11940562625264542
-0.11812333805339942
-0.11622474781838356
-0.11379962676558018
-0.11090232158952427
-0.10778119220220139
-0.10474799538531479
-0.10181084504319562
-0.0991213538587919
-0.09647839932060219
-0.09409710014241592
-0.09191532124193136
-0.0900983946536238
-0.08862203107651973
-0.08742509536577595
-0.08657875865262543
-0.08622360709726268
-0.08657136985785688
-0.08711126437902884
-0.08838163372269196
-0.09052682908069543
-0.09348969328755323
-0.10056693604381148
-0.11489604308780117
-0.13246323237366442
-0.14177210913762855
-0.12903348221678207
-0.1094790364594605
-0.08214450451779819
-0.03755653862069519
0.024276066571743374
0.0919152928299467
0.15865217679217763
0.22564810301006405
0.2962812836853567
0.35701257674395703
0.41533468954122127
0.478714425110248
0.5469528099984706
0.6389121283644591
0.761757797226387
0.9088275573764678
1.0592338895731852
1.2115670697943084
1.3454333745579672
1.353713154687751
1.254665113734205
1.2087340569598013
1.220481792558546
1.2260067221042195
1.2082897869713378
1.1692385859406287
1.1064735745696819
1.0159082947336882
0.8988424627698934
0.7578691277480893
0.5965763620148881
0.4169647578448104
0.22606514459817936
0.030796374057271772
-0.16325025989727623
-0.35488485423263194
-0.5436054479690937
-0.7261087133147934
-0.9001455797645956
-1.061815744821442
-1.2106816180295545
-1.3479408191969169
-1.474172690136602
-1.590703488328945
-1.6993920804718392
-1.8036612959470057
-1.9059733007354887
-2.018111879351656
-2.1210420791614326
-2.227736505281395
-2.2522571465988284
-2.1211307240511617
-1.2590443130090063
-0.3511935168770229
0.17440717883657367
0.5068958072738476
0.515219376223216
0.7127610419406675
0.9370912208844626
1.0426366398331113
1.0534697361187995
1.1373191202183843
1.271041136972548
1.452101488039076
1.6430722632291428
1.70997609624473
1.6155295809251955
1.477738861779978
1.383619572622255
1.296795787365405
1.162971227756428
0.9917746223224354
0.8048295512205512
0.5997546785215031
0.3791753922752096
0.1572550563517241
-0.06096073446589134
-0.2735202307937523
-0.47470944158814904
-0.6749885682715833
-0.8858906115580247
-1.0982712359212141
-1.291210597606739
-1.4587494288912373
-1.6065164075161182
-1.7349797234919082
-1.831977294560674
-1.9090131392868588
-1.9137993125795938
-1.7067226449456372
-0.7164628677056895
-0.3263911004781678
-0.5399558231952009
-0.28263637978726874
0.18468677265055083
0.4443487646886623
0.6647311001538049
0.8262446951016483
0.9221054088612943
1.1147985758702361
1.289613945089544
1.3670615559207766
1.388356458735651
1.3697967760754874
1.3371438229338601
1.2951500859522505
1.238113648601396
1.1507664884079232
1.036195822616709
0.895114580921619
0.7280461466041972
0.5458204179710802
0.3579224323844405
0.16410859703428154
-0.036921759734053594
-0.23657849624913974
-0.4280123219984703
-0.6249563917483459
-0.8302797531335743
-1.0348237239891271
-1.2348031577057725
-1.4244597481376262
-1.5901222152538383
-1.7291028766376393
-1.8452723593484481
-1.916563424033349
-1.9728716711322998
-1.9511158769038035
-1.810004236132099
-0.9841031486850086
-0.24144771635455586
-0.22483158267012376
0.002112584677100293
0.27195071148167815
0.48385695888819485
0.6909188983284906
0.8228296173809384
0.9332771634639703
1.0525631480513487
1.1772434756679244
1.2653777956431953
1.2909050297893927
1.279810269804088
1.2714419340017384
1.2729328286337134
1.2600937450196246
1.2280277752638293
1.1750829760068098
1.0940456858310255
0.9820205507674922
0.8456341846790087
0.6928411931184897
0.526486203242794
0.34932955367879626
0.16462350979154383
-0.022521664507011985
-0.20778939094064452
-0.388925175028338
-0.5651092878083499
-0.738900347150526
-0.9110466695669317
-1.0869459690746466
-1.271814245859654
-1.4554176204140863
-1.6168238846567409
-1.762615820236037
-1.8834920990499469
-2.0030498240301062
-2.066234473461899
-2.0394564370331683
-1.4024151373627984
-0.4229985334806027
-0.3081389494147999
-0.12220565617849011
0.19142097555897414
0.4263378152420668
0.6238432753934919
0.8347982645216239
0.9547968242873102
1.1235145046999855
1.3566336406731656
1.4595939760841832
1.4486131072835065
1.392317532151769
1.3732972231999347
1.361216081404555
1.3118067430462133
1.2277003010577137
1.1104276657985692
0.9632901141646955
0.7920495450060402
0.6042541848775426
0.4045876387972826
0.20089563742941047
9.891979616349911E-5
-0.19430441219790073
-0.3812144227398786
-0.5643744616401782
-0.7596660169574773
-0.9697061566316192
-1.1800795445586392
-1.3651756382635545
-1.5187395570617541
-1.6500629008604717
-1.7618564986519227
-1.8388921306801995
-1.9045389978222973
-1.906773942077988
-1.859303028174116
-1.2286400700283666
-0.1972689903115883
-0.20405850759955246
-0.11108536343008202
0.18645371925236331
0.488725716844969
0.6882866357937552
0.827991889486088
0.9136382517415875
1.074599894148382
1.204144424268436
1.2629410269659764
1.2693587618411657
1.2575273069197495
1.2351860354337052
1.2017805281199456
1.1464658571847508
1.0622037389923729
0.9592605204816949
0.8365551466421599
0.6953403227225894
0.5487397191748296
0.39893652754765374
0.24090426999375314
0.06944584730600734
-0.10725193977354874
-0.2768845629526403
-0.4354371912558792
-0.593878121452463
-0.7663768917266196
-0.9439130549529878
-1.1109036900266316
-1.2719877612503718
-1.4283903979130248
-1.5674708512245061
-1.6681162025928475
-1.7546049407034066
-1.7838578074684601
-1.6637811324509517
-0.9764379848872323
-0.2622046091988668
-0.13660419000619317
0.12537521930445472
0.3382374406348777
0.503098781730583
0.6761400888862776
0.7705816437810198
0.8220881026224172
0.9324115106700274
1.0988787555271926
1.2622443745624126
1.3529566330651184
1.336449811086084
1.2943262412390342
1.257640244569278
1.2110182641967913
1.1518388106916775
1.0605040168525466
0.9348404430836992
0.7786035486739715
0.5929684005032936
0.39506958611952864
0.1981276209259033
0.007197139722704304
-0.18370727310790613
-0.37347938397585634
-0.554282944079493
-0.7284252105656623
-0.8974498671704855
-1.0614001220792075
-1.2164442322559346
-1.3668004318200284
-1.5237915799769137
-1.6814285469740315
-1.80840736135514
-1.9118788275538747
-1.9110930191366573
-1.6888355401977564
-0.7301269033781146
-0.18561790769856668
0.08676023460873117
0.28954971063306323
0.4191497028265583
0.5769026893561267
0.7357047078117185
0.8454167860031941
0.9136036461145086
1.0373716193583093
1.1783385833989373
1.3032015444428418
1.3270586513892588
1.2736915744712176
1.2164113089679558
1.1558254236557095
1.0807767946710287
0.9715550055082909
0.8246117990325479
0.647615750777786
0.4506634172395339
0.2425902970749484
0.03704856013250146
-0.16066569318789758
-0.354713699426906
-0.5323861805825664
-0.6973015583507166
-0.8811371884388262
-1.0811055460861374
-1.2861537658920166
-1.47986156514038
-1.6428458443480307
-1.7714568811512499
-1.8772856878347062
-1.8894407728443519
-1.6284072224235393
-0.7079124520574197
-0.30157427136704684
-0.21376337188466243
0.07653363218602616
0.2874071444911005
0.4626115759729036
0.6730756077833401
0.795797900937717
0.9023671553520082
1.0468559343213188
1.2155562996981453
1.327577698122773
1.3079713792068006
1.2618375182700907
1.240354914209367
1.2265037765373954
1.19770783148375
1.1394227458053967
1.0476437654823036
0.9271430683847964
0.7826587497167109
0.6218524204000595
0.45390824250281603
0.2797292665823492
0.09862160024823363
-0.08990095400068843
-0.27907566249179383
-0.46276315707134774
-0.6525090968236503
-0.8571394711748768
-1.0597962608342457
-1.2384274485374678
-1.3930139479915646
-1.5317449023921004
-1.6720781112852194
-1.7873216288844995
-1.8585369286533533
-1.9044694026264413
-1.9004061556870022
-1.6319792669287456
-0.6108666879656007
-0.24487513411448725
-0.29127266923596684
0.07675898129376757
0.460417716930244
0.684684095190613
0.7676877626765597
0.8320010191518722
0.9579800226655166
1.1517963941735112
1.3310405184519956
1.409716715799017
1.3756169847647115
1.323082502038726
1.3058598677366757
1.2727097589453829
1.2268182131083079
1.1582793657521206
1.04931562205921
0.9049668045074841
0.7472478073148004
0.5824685078713354
0.41493724582010794
0.24274308099598352
0.06141077305243936
-0.12599950814862382
-0.3103413133239228
-0.4832255297277175
-0.6521454118820009
-0.8190623498049197
-0.9792348466552032
-1.1317909214750537
-1.287118343117822
-1.4406561597170187
-1.5724707402756382
-1.6855795244513985
-1.7764842439572055
-1.8541965920213976
-1.858694500527927
-1.6020458113895353
-0.633380526740501
-0.2513384697933685
-0.11638131404629393
0.186664416480248
0.4049962605991262
0.6147759944848562
0.8128925036188276
0.9024390674173258
1.0395449759381346
1.1958438109671397
1.27845961422069
1.2990385135055225
1.2856066138696869
1.2779319707505636
1.260177420695399
1.2234364709855363
1.160262307474093
1.0637931432369043
0.9340236887793816
0.774743958743612
0.6011567498262083
0.4267115149501086
0.25092203753276143
0.07574241912527646
-0.09944279904849251
-0.2729334458372674
-0.44443215292921723
-0.6255373036190224
-0.8197226720667365
-1.0135653524016057
-1.200426975007368
-1.3675739234278514
-1.51660672778585
-1.6547776070409121
-1.7630329810255376
-1.8633912449181278
-1.9010919936423536
-1.7477942815355398
-0.8385805399457233
-0.2608028886402365
-0.2100835121793585
0.09504953308607544
0.308326000054972
0.4636826124186564
0.7033352390988488
0.8456232974656812
0.9388632706263802
1.104035710865153
1.2666273974108972
1.3478207368198416
1.3425499705614499
1.3161128167992235
1.3037096315285739
1.281257666920534
1.2385505456667856
1.176641219597558
1.0890341056269532
0.9727469242577251
0.8334210739562975
0.6778583072414841
0.5103471717880272
0.3355298079549751
0.16016811006899423
-0.012446472776572737
-0.18801748137303864
-0.3624993456550012
-0.5339640094990099
-0.7166840008832598
-0.9083051390919279
-1.0942620722420395
-1.278188132400162
-1.4464475579341467
-1.5920414425479774
-1.7197469090997703
-1.8154855127086549
-1.9061226736279888
-1.9337463342375374
-1.8585933376183152
-0.9913187882426668
-0.2752469866624616
-0.38448472391743604
-0.180937129444954
0.21360092829907318
0.41048179554217157
0.6169965850804799
0.7543165784027429
0.8352004709415733
0.9953369530493268
1.1205490203628314
1.2004738621508746
1.2213535907875643
1.2088591966364979
1.1983389562261186
1.1730427294201045
1.1282998559380493
1.054680516432353
0.9486086315094698
0.8137612898215175
0.6621045005362456
0.49648175315832677
0.3212860823903414
0.14495782955484682
-0.03162329291867905
-0.21064283505178172
-0.3867693034463364
-0.5530035927752333
-0.7138770617194816
-0.8915422692420067
-1.096913032073345
-1.2958266448522324
-1.459639359871856
-1.6063285586076033
-1.7288807940822395
-1.8362688516618078
-1.8948542599505274
-1.8973332282646609
-1.4157536815403275
-0.37317601403913736
-0.2529580376957963
-0.2643789332368065
0.052055364732529696
0.33173310419250823
0.5057343280570927
0.6705316542699609
0.7528251268043658
0.8585087267784823
1.025243221161069
1.188058349628245
1.294465859817638
1.2999494292494855
1.264592432662657
1.2467152802837023
1.2285837692728185
1.1938170125571077
1.136661969324828
1.0428655041600554
0.9158494647958895
0.7582963442260904
0.5821200229434473
0.405127547637979
0.2299048516644746
0.05130670340491261
-0.1299711849341818
-0.3094015406085533
-0.479833945714246
-0.6456895312072064
-0.8194888059846088
-0.999147188053793
-1.1836382948275888
-1.3715694372729392
-1.5493180831229862
-1.7070607062126533
-1.835321465774146
-1.9745847458897172
-2.056087631874063
-2.0552840122770397
-1.4581102283039715
-0.407982775666931
-0.15511727832784938
0.13803006225314718
0.36085834902768466
0.4704093112075609
0.6766403295077914
0.8652615027744079
0.9574547440539487
1.0204415589261733
1.1121656583348345
1.2563486619864772
1.4465700822216956
1.561294277050303
1.5394237945097604
1.4402496503189737
1.369210734243304
1.3343611709542857
1.290508433058227
1.225413109085593
1.1447203693384045
1.0453065153150498
0.9230155116192555
0.7763285029569506
0.6082698896866543
0.4287456247897463
0.23254115610179138
0.020310140037819613
-0.19665406213088255
-0.3919472615961581
-0.5704107769744122
-0.7462109735617708
-0.9137876260545916
-1.0706829447814434
-1.2104485223444499
-1.3390986120697832
-1.4518682631700772
-1.5429833324904134
-1.6172937072772162
-1.682137684292083
-1.7274725873816665
-1.7632932605939455
-1.7127839191792715
-1.4272637297367536
-0.5596421282079449
-0.18479618885473115
-0.5124480490769623
-0.14572563735220467
0.3170816228386848
0.4217675236081089
0.586170643696859
0.7539282495214112
0.9372947998954092
1.014377075331361
1.0097179486515955
1.0056670502993925
1.0088900623248394
0.9853293316204144
0.9176369059881297
0.8191505503945239
0.704792650823558
0.5686835311613527
0.40891209453774957
0.24027287149508103
0.07330554704109149
-0.09834341383885836
-0.2655314229662187
-0.42150560782909197
-0.569843731158233
-0.7169603363478658
-0.8592965951327434
-0.9970815761382479
-1.130753475854905
-1.262178930477991
-1.3941102846591888
-1.4974731047931615
-1.5088250753492922
-1.431062603680518
-0.9851830301285394
-0.25556151347929856
0.2387113391978899
0.36712375250744533
0.3682238069508359
0.5347079748370727
0.6985586795743418
0.7447888626714538
0.7637658903396676
0.8104048726058105
0.8679884833371632
0.9513687365198028
1.0896126460916058
1.22237271809143
1.274617938934322
1.2540172954924371
1.2199057477901243
1.2071823929724472
1.1964324124785823
1.1668417145494714
1.1180575369606
1.0498010943946374
0.9543590285700833
0.8264977057348981
0.6722337055917565
0.5027002224226857
0.32697626151806314
0.1487445143337367
-0.03193032821840358
-0.21627595056458615
-0.399295127531325
-0.5791021987677132
-0.767221281321804
-0.9635672966094286
-1.1557104571474643
-1.340264135448102
-1.5227746912781734
-1.6932949189864128
-1.848875070216374
-1.984750217034538
-2.061059963114568
-1.79451933864138
-0.8282483507822789
-0.5383230981394034
-0.4018835519374122
-0.3054641057229197
-0.010962510319902474
0.24690625467670735
0.4086533047716603
0.5688044317628849
0.6696796571936039
0.7091047140631065
0.7543265451735826
0.8345744512140777
0.9737158130556225
1.1358657891760189
1.2306082618440564
1.1939081918846106
1.0948612065139574
1.0388978614820157
1.0330960103317617
1.019878991961324
0.9759108272054166
0.9191393871884708
0.8557494587292288
0.7764886920325239
0.6793255417633635
0.570978757615122
0.45227900099899276
0.3251389454598721
0.19401992900278864
0.06087973337187402
-0.07989651167339873
-0.22733984317842215
-0.3775479322359476
-0.5290857674118681
-0.6771453202870952
-0.8175922386571368
-0.949887206824229
-1.0773749230338725
-1.2038553610466731
-1.336549150826461
-1.4730519546133867
-1.6016346482503159
-1.724741843425253
-1.825275404573759
-1.9277958348078985
-1.963146015621024
-1.8660850065595702
-1.0771604822308867
-0.3298431432058486
-0.24199126817548922
-0.03000056063828005
0.21006305175121764
0.4169666291393179
0.6145723042183155
0.7945178570482183
0.8861751349864326
0.938548067043114
1.0869539239890398
1.2569777988137594
1.3179513070269964
1.2878253810393585
1.2125972083654437
1.1525738789338895
1.1087839078262762
1.050594196584194
0.9661653658594263
0.8591366711081603
0.7328327953313256
0.5911543238189305
0.4393770223158764
0.28211856402444657
0.1241770843820722
-0.034627288958424485
-0.19885142742338302
-0.36654369463343683
-0.5332554017457676
-0.69632290823838
-0.845880047707348
-0.9745471516422797
-1.0835295495166586
-1.1747256362319767
-1.2449158319030478
-1.295665494152786
-1.3246466940479211
-1.330359230542778
-1.3093242977050903
-1.2361599702532569
-0.9537245654717794
-0.3720751771962376
-0.038864064411278765
-0.11617196050076672
-0.2396933795722198
-0.10435094188579352
0.1360049524443585
0.3147935312168788
0.390967055057023
0.43036350309780635
0.4762039092958814
0.49848732810639396
0.47837755653647873
0.4346325547339065
0.3905872943652047
0.3379504902253869
0.2668191083809439
0.18307937453370005
0.09868601866179838
0.016651656948788673
-0.05692415320015254
-0.1156157273373124
-0.15582624588549931
-0.17451930655143877
-0.15975559697151498
-0.10033893562380225
-0.027136862750762436
0.017815576131911426
0.03793918847513744
0.06691317038193212
0.1164965894000809
0.17488089889619807
0.2367071905774112
0.30135964732794474
0.36883756788985456
0.43437888263979696
0.49263036509163327
0.5425409734160518
0.5864451854719634
0.6239992154572516
0.6519952940636919
0.6721270884561186
0.6851581094571142
0.6924725080608707
0.6948147824243114
0.690917726136929
0.6810011131940061
0.6642129068585099
0.6404278917856066
0.604488263497903
0.5534128121109656
0.4868914450300208
0.40635835036008494
0.3134432128176201
0.20183004275647876
0.06812606361014129
-0.07871037752996246
-0.23630488781988124
-0.40837641755859644
-0.5906139195944817
-0.7809572703153547
-0.9655078082496984
-1.1383826522780802
-1.311241404184889
-1.4793692580217648
-1.6356215921522894
-1.7616135005927374
-1.8825823831971924
-1.9607127529782153
-1.9757686143953017
-1.3825383933006472
-0.569531401786987
-0.3242953758012246
-0.06098793928486823
0.2272449691319176
0.35771405045861693
0.4876553643262225
0.6594618365356373
0.7581133764158776
0.7697605751405343
0.7915410286361404
0.8417298942155127
0.8921654028906998
0.9917252970218781
1.1460924932602194
1.2802371524237077
1.2896168075665095
1.1752132796344992
1.0619967659570029
0.9984577142129789
0.9407748022375273
0.8626475154456528
0.7714439070999266
0.6671735740345066
0.5450290002397151
0.40415168291768544
0.2481127448991014
0.08278412891630049
-0.08715234911087255
-0.26339313471076053
-0.4450665016781341
-0.6259056606215656
-0.8004946778755866
-0.9732265766463828
-1.1328227585571131
-1.2733449713456328
-1.3944134369711039
-1.5137177399146668
-1.619128594320757
-1.6996555475295358
-1.7072427009336915
-1.4863082812050257
-0.7678762263372481
-0.22016791539345837
-0.378502696480572
-0.33589057100188713
0.05539776971356791
0.37134433388091215
0.5280120748172601
0.6612539492691778
0.8537177320173006
1.016979365066142
1.0654996260467735
1.0761038454108367
1.1059250549390909
1.1205712737591245
1.1073833103786934
1.0730036218431425
1.0135127430873823
0.9296412636737272
0.8269436152139518
0.7138214613359086
0.5888050017706481
0.44694920912106895
0.2957724204806478
0.13776323018509107
-0.02802624495074446
-0.19721692615764863
-0.3636050410383762
-0.5242851321851527
-0.6803529520510119
-0.8303707748815079
-0.9747956201211878
-1.1168699489464984
-1.2556955655148092
-1.3959166676932826
-1.5513302340304613
-1.6960017570070827
-1.8124139888025155
-1.8607604143633127
-1.7832237898934458
-1.174539456534807
-0.3202497017638499
0.21470624659953352
0.41279383486821586
0.32180029901837637
0.4976668840186247
0.6801607227872664
0.7668470765381306
0.778732104868022
0.8127360925650291
0.9290531931917008
1.067911067390223
1.2230225410357594
1.3055602319534836
1.2902317834538022
1.2272696276901631
1.1570761691145277
1.1019169072908437
1.0467412532564346
0.9897371165903817
0.9327188439046279
0.8616195525921881
0.7663763963670389
0.6453251085691944
0.5057751316115349
0.3565645303297593
0.2023357323792312
0.044249126179595866
-0.11277364741093576
-0.2661711509695244
-0.4253197600960257
-0.5964003718432096
-0.7630660459379537
-0.9231055708745697
-1.0737132689505327
-1.2218827874661506
-1.3675920218444757
-1.5048416448441202
-1.6271049179339823
-1.7308709268760252
-1.7932298958044837
-1.707302701414025
-1.1218589717167156
-0.28584628831763137
-0.2670105719486595
-0.35719140759340773
0.08457710467269575
0.3740561687388293
0.419188190518732
0.5766502101091568
0.7537559197542043
0.9173867398840421
1.0779678502535395
1.1366658300703447
1.1162648499220957
1.1114505495176448
1.1070422096384849
1.0741375918362643
1.0305025280975504
0.9731817599456463
0.8919266487057811
0.7893467776795526
0.6719768288229273
0.5409263457210718
0.3943602857244277
0.2329045410031716
0.06428611880587431
-0.10199156300710532
-0.26845466069693913
-0.43615455736168185
-0.5962299101396309
-0.7465667015874393
-0.8899054692444128
-1.037610140945194
-1.1974756929444235
-1.3611813657622562
-1.5167276152225084
-1.647922156084836
-1.7632794757002386
-1.8736203867664938
-1.8870927148856573
-1.5363813726086182
-0.6176951166671283
-0.1025429042183772
0.21839980125278724
0.39173554226518803
0.42782787550471113
0.6261394346686886
0.8077681417239493
0.8881807343527082
0.9039874265767149
1.0121417822592682
1.1907504090705778
1.3567580312275707
1.3904060416498436
1.3055639789679439
1.2254723650223291
1.1788777041216096
1.1295690377202627
1.0564705326372617
0.9634962331635302
0.8536497814220152
0.7220303224089464
0.573158097943993
0.4142590086496918
0.24094264218439299
0.048126387542243965
-0.16191957936747858
-0.3714193635325307
-0.5524092353883479
-0.7155970562606009
-0.8710782171307545
-1.0329307193968629
-1.1865290494301242
-1.3191104740946518
-1.4368944621994908
-1.5288183944476286
-1.6095195154057595
-1.6398653316152094
-1.497461780333269
-0.8154179560178467
-0.175211258443718
-0.3449948657969113
-0.36285106082628893
0.0784293576074715
0.298750628299294
0.3570388764764607
0.5215365605399582
0.7043205659208893
0.8051793286835249
0.852650539023823
0.8596072955628506
0.8726758760610549
0.8784741283723629
0.8486694641315373
0.7932112759846273
0.7144360086326247
0.6038128745068976
0.46478779813153737
0.3126731754380123
0.15655129766033937
-5.872297046716213E-5
-0.15480843643368436
-0.3011886849974159
-0.43335832441178423
-0.558713385175682
-0.6882787443705025
-0.8184739328892943
-0.9495124340663454
-1.0809063427010228
-1.2123858405477486
-1.3244920412576708
-1.3388219856808736
-1.23931913480336
-0.9164753909088303
-0.5388924672986719
-0.2946892844975335
-0.0840893689717519
0.13351830360879235
0.24345303029253418
0.38225963345751035
0.5532770747774916
0.6508705312659233
0.6957752332278537
0.7687100640889222
0.8918338508723216
1.0276916233849391
1.107525249215334
1.1012995573386795
1.056345500600446
1.028700549861718
1.0092263344231247
0.9741217136637721
0.9189904975332956
0.8466763031065712
0.7529145698144779
0.6337405507716145
0.4959402864411946
0.3461503566235762
0.18850184129453051
0.026727967832035127
-0.13517228494101285
-0.29513894678820174
-0.45528673116618235
-0.6297087226421128
-0.8044329677423554
-0.9687882378313204
-1.12416689229177
-1.2809546552316027
-1.4388214065754323
-1.5709074737973814
-1.681370396808131
-1.7610818610322467
-1.8048067608134342
-1.5042152411828225
-0.615384973137123
-0.2984818238572764
-0.26240325279601073
0.027358859138615355
0.2592565704999217
0.41021637090349317
0.5605714496747176
0.668436737888334
0.7365267047552662
0.8316833654525175
0.977366791085287
1.1418760584878864
1.2724934268456536
1.2726364781880521
1.2235786696350872
1.1845260262582553
1.1641077051868227
1.1338159312286487
1.0883399398466695
1.0317439636354833
0.9616446303294752
0.8696430655017855
0.7548133275557896
0.6250474056447219
0.48659441160894845
0.34087649455523183
0.19059145248348353
0.03936000363735426
-0.11034661167317239
-0.2614254130861835
-0.41752510523774733
-0.5860956848442265
-0.7612702104544944
-0.9324871772241026
-1.093367574340308
-1.242187566478571
-1.3850599273487427
-1.5156240672188463
-1.6366147262030277
-1.7344211695836917
-1.8244541424036673
-1.87473574177899
-1.8395759858285423
-1.2005583997184783
-0.32173524647612917
-0.3020591596500335
-0.23433143487269303
0.17985495129027695
0.3536302599906378
0.4770736559646518
0.6749810310026083
0.7978600440359427
0.8849643458211047
0.9865325587227192
1.1442401850385326
1.2831969862907442
1.315007130783057
1.2723282027109288
1.2224991810947312
1.1911939542339738
1.151310119751892
1.0954271046178707
1.0248848566825175
0.9308443505439643
0.812929750839781
0.6749000147353801
0.5256109095593477
0.36844994968466627
0.20381091025914166
0.03789043445510343
-0.12652374945139577
-0.2887064120026963
-0.4471747050728867
-0.6070572164076826
-0.7824832395849306
-0.9692379318822981
-1.1580177297264695
-1.3265953128532262
-1.4692292503996436
-1.597005044757735
-1.6946757116048756
-1.793055116404088
-1.8455370652663832
-1.8548093336834577
-1.2139557830105776
-0.3213788856634463
-0.225622496079386
-0.1508065096870581
0.19597908103349404
0.3669102093543657
0.5208870478432188
0.7097236944287639
0.8266765508252234
0.9657436618516277
1.1319113729909605
1.2121192587404304
1.2027575724516537
1.1758086976773454
1.144835224846075
1.1084709921277662
1.0527139331381967
0.9683885133047325
0.8548904110235231
0.720478666329444
0.5719311426801519
0.41123030578836595
0.24760262885686535
0.08248656618814243
-0.08405703859766156
-0.2478399980810173
-0.4188076127082012
-0.5938958978277773
-0.7610003884730863
-0.9225065090682407
-1.0663838467119966
-1.2009139342209858
-1.329558544600367
-1.4383743517333452
-1.5391698147971176
-1.605142997385665
-1.5800794293502962
-0.9422597816240375
-0.25425825159064086
-0.24480382053698957
-0.22568853985142168
0.08873259492773844
0.2860453662079858
0.4038197564127781
0.5528710340505425
0.6612543984154136
0.7963664533862498
0.9308905139923982
0.9753018254808286
0.9744693880548203
0.9803128320804246
0.9613673277395574
0.9240908652258848
0.8760037661033455
0.8033447645571568
0.7094176641259782
0.601377789868973
0.4816657239761566
0.35186212553273055
0.2051353784058385
0.03750006563089636
-0.14764236571231137
-0.31714490729321154
-0.4684386065000363
-0.6069445370738196
-0.7521226779243784
-0.9028644867313269
-1.0247302841363952
-1.125238334550648
-1.2100643395730666
-1.2815204486074712
-1.2976718656044812
-1.020734068425507
-0.4306748131548357
-0.2312834001864652
-0.35355335961328294
-0.14212105481352433
0.13219390616984628
0.19608844151545624
0.2772805088377224
0.4525796403835445
0.5951717805810224
0.6764283496833208
0.7211088010060742
0.7559498561347773
0.7962990692473679
0.8088025703078683
0.8022645000607824
0.7832883477900898
0.7467845556358945
0.6888146007373595
0.6133489835908821
0.5309621802436677
0.44482088627303495
0.3484861972225286
0.23943357207708127
0.11513488071842648
-0.021910683094287897
-0.17011868221412074
-0.32685379868672815
-0.482236481690717
-0.6307148039306716
-0.774473894311869
-0.9279474922680526
-1.0891196068992288
-1.2391723931339187
-1.3732495839099332
-1.4856533215049756
-1.6123178561817828
-1.7140222649548216
-1.7163747319471807
-1.211999840387425
-0.6137983734310688
-0.3382031187822778
-0.12860466881577404
0.05732518605663195
0.15475800173212995
0.25085407174143826
0.3574607675684729
0.4408852658440485
0.4685809459436514
0.46433781258606066
0.4761598916434451
0.5179744859237709
0.5513969820191775
0.5814764692599663
0.6557534529380793
0.7565533386008854
0.8362928702645036
0.8661478997966146
0.8182755399985693
0.7315565216780591
0.6611270209558848
0.6094091176850587
0.5664466212773609
0.5323673238488966
0.5003763256045255
0.4567924310436895
0.3992538522910003
0.33563911745935093
0.27058877076582255
0.20590299651050215
0.13475060537134675
0.058298742594168784
-0.01766725510829037
-0.08636919382340125
-0.14631351408403903
-0.2035778182780148