0.00744831248936127
0.007256985611149401
0.007169679247396043
0.007191230035319596
0.007110032903428163
0.006974770402517682
0.006767244241327837
0.0065478832909046086
0.006378562862554662
0.00617695174192652
0.005998447787141183
0.005726852020272297
0.005606664585457444
0.00535987311030656
0.0052342856002329
0.005013815288584061
0.005164577764480172
0.005099039505817955
0.004859384167889844
0.004755178282074781
0.004692922045738179
0.004695219895432749
0.004436672121300295
0.004076311473515953
0.003728636414240474
0.0034277739319215975
0.003224493402419225
0.0030709199869211976
0.002768322086042708
0.002661802473196497
0.0025084946181949588
0.0024421256677739835
0.0023374933628261315
0.0022334193492870476
0.0022298079600277035
0.002182454643925245
0.0021085994850409025
0.002015952367203918
0.0018438977967653158
0.0016663551857056067
0.0014636165455542607
0.0013071054998756299
0.001347502224529163
0.0015126219836278897
0.0015799497332161048
0.0015743279017301944
0.001652564665609653
0.0017076825727166643
0.0015717139863838832
0.0014106856094599444
0.0012032677050602299
0.0012153141765391482
0.0011251918668327091
0.0010075772753714973
9.283773662751276E-4
7.752882984806576E-4
6.511870562281412E-4
8.267949371298655E-4
7.512254110073197E-4
5.179739587391555E-4
3.5826874983727747E-4
3.7673521532345655E-4
2.4166716498313923E-4
5.891615247696422E-5
5.167386898915008E-5
-3.9054430163679155E-5
-1.183939610874124E-4
-6.364051396003101E-5
1.4466546789281345E-4
6.374764610140096E-5
1.8800469627604233E-4
2.530717129761613E-4
1.9826404992304147E-4
2.366504178991577E-4
3.441365972667691E-4
4.011675079793435E-4
3.85817253125139E-4
4.7267562133429183E-4
4.2456508741008786E-4
2.615669391619786E-4
2.1843129741220754E-4
2.0144474438951385E-4
1.2422611131443842E-4
6.904060411405677E-5
6.64047536220666E-6
-3.9753658138293874E-5
-6.840056517368187E-6
-7.300665695375921E-5
-1.5423315001458424E-4
-2.868800192684408E-4
-3.456609219358864E-4
-2.7854303370589834E-4
-2.70063381940612E-4
-2.0029689834728456E-4
-4.078171389848215E-5
-7.702707816611976E-5
-1.6511959190144282E-4
-5.584022328665797E-5
1.291557984176711E-6
3.9524429903611824E-7
-5.38655147907241E-5
2.0838240830066412E-6
7.960344288588175E-5
1.7023625153530023E-4
1.0283663373873708E-4
2.4506616937777087E-4
3.6170032755644677E-4
5.160318860007139E-4
6.40041706830248E-4
5.067694891938493E-4
4.3961251665543613E-4
3.94056750795891E-4
4.5689089784861983E-4
5.702350655355272E-4
5.614988163550987E-4
6.67176944547862E-4
6.407634298181142E-4
3.768480709660099E-4
1.6524631239194648E-4
4.5750108186908E-5
8.90962840151277E-6
4.906652357013902E-5
8.766598194925868E-5
4.176402706411453E-6
9.309927607655671E-5
-4.6789378207845456E-5
-1.8197342123648513E-4
-4.085906120101235E-4
-5.500102099438506E-4
-3.858707017818097E-4
-2.469925060638936E-4
-2.492037884259807E-4
-2.212035090910225E-4
-2.261782794668668E-4
-6.217662684722403E-6
-1.2635585382968217E-5
2.7314090031559102E-5
1.1001902150208076E-4
2.320017221195958E-4
3.56439837054634E-4
4.285774446906171E-4
3.473252117670439E-4
3.5815077084196817E-4
4.6349807874994375E-4
5.593651778003916E-4
7.052154655907139E-4
6.141848615882906E-4
6.08579538147927E-4
6.599709681532479E-4
7.481950763134904E-4
7.152493342854685E-4
7.830254352393928E-4
6.691611235042916E-4
4.7991906144467106E-4
2.6698842860778393E-4
1.310660751894857E-4
7.622168377578731E-5
1.3631297093287531E-5
-7.533104159317822E-5
-1.6276915709235312E-4
-3.319148321693291E-4
-4.7129263526897447E-4
-6.160325422925952E-4
-7.673648077906742E-4
-8.422035752861518E-4
-0.0011123225531619943
-0.0010842565959210404
-9.438030871340986E-4
-7.414921496388116E-4
-5.885926575230488E-4
-4.4504856885604904E-4
-2.0222913851363628E-4
-1.6947070610821152E-4
-1.0741714111030948E-4
-5.788672726249333E-6
-4.4928963537797795E-5
-4.260962556063702E-5
6.389929203196032E-6
8.531587014956599E-6
2.3423469939535396E-4
4.7318630692717856E-4
4.861545165639816E-4
3.933073531037154E-4
4.199091098769092E-4
4.6661064614098025E-4
3.9075474152164974E-4
4.8505861826939056E-4
5.453650155567286E-4
5.116088906031435E-4
6.491491802272376E-4
7.478166472558168E-4
6.578610424813475E-4
4.956077039954057E-4
2.8296878080846105E-4
1.4147905723067844E-4
8.78990560496673E-5
2.07894992491707E-4
2.0186931025153315E-4
1.4776024799535714E-4
2.6749749948653395E-4
1.432706430484279E-4
1.1044097504776806E-4
7.903473072014972E-5
1.9069331007345175E-4
3.590513803013798E-4
6.337603469301553E-4
7.964648019525983E-4
8.697085215952222E-4
7.158113865795776E-4
6.162227481791918E-4
7.33708282263261E-4
7.802848289884604E-4
8.20637424641911E-4
7.969335599765856E-4
9.459729782954063E-4
0.001097835100653137
0.0010752057623928599
0.0010998250686556701
0.0010223030217912168
9.758896981424472E-4
9.139501045756643E-4
9.781112548740145E-4
7.702457145340805E-4
7.110511327738656E-4
6.537425059897212E-4
4.927791264469142E-4
3.4225313030351867E-4
2.2351287627229294E-4
6.891588080388394E-5
-1.1098558486027921E-4
-4.5762605737188766E-4
-6.295491453486707E-4
-8.117249977543581E-4
-8.756893195640339E-4
-8.806401353166626E-4
-8.344251593952745E-4
-8.941447675487046E-4
-8.650601602673141E-4
-9.159943048917402E-4
-9.988809510686342E-4
-8.477562553941831E-4
-4.970809907367396E-4
-3.248013369580305E-4
-2.9627614870288144E-4
-3.574112099259813E-4
-4.904971217636195E-4
-5.402558845628153E-4
-5.99447394311059E-4
-5.493001047177232E-4
-3.7176158642354684E-4
-4.8504624881261227E-4
-4.171574509151815E-4
-4.3095068834141104E-4
-4.979129046959047E-4
-5.324842172557687E-4
-5.32082968859468E-4
-4.1500887431802913E-4
-4.079314415418728E-4
-4.511433139898491E-4
-4.807945318488771E-4
-3.915487093167358E-4
-4.819179257344458E-4
-4.679097497637813E-4
-3.950082257400678E-4
-2.930184435844113E-4
-3.899513376860869E-4
-6.584144731157371E-4
-7.899220568702708E-4
-9.265351198167182E-4
-9.642254978427106E-4
-0.0010915481632314955
-0.001081993964743913
-0.0011716432681294492
-0.001131879751783152
-0.0011021443840953798
-0.0010207230993108246
-7.565072315450089E-4
-5.917285841175179E-4
-4.2032463798344355E-4
-2.531232679457568E-4
-2.2201641654943927E-4
-1.9731970920468245E-4
-7.389634936985634E-5
-1.5129460828003372E-5
-4.7003740977782926E-5
-1.152285755716409E-5
1.2999944596996105E-4
4.4193165750902597E-4
4.583789229973545E-4
3.40491261679024E-4
2.6706939190135337E-4
2.441866259888792E-4
2.4227051303593594E-4
2.895128154418031E-4
3.538968623113259E-4
2.365118381434106E-4
1.8317754116210783E-4
1.4228142930099164E-4
-8.69669888942104E-5
-1.9064306402198639E-4
-1.9659647632837285E-4
-2.537080285679866E-4
-3.0382073907192497E-4
-2.1643477235105957E-4
-2.457842515831421E-4
-3.583343980642917E-4
-3.7272171897956285E-4
-3.785104636242903E-4
-2.664436486024685E-4
-2.181874958109148E-4
-2.807726129809007E-4
-3.655176685384981E-4
-3.9512289242095433E-4
-3.1163990791180374E-4
-2.4905541547513843E-4
-2.9414218415374505E-5
2.004886060912453E-4
2.4363614053014848E-4
3.135698066998177E-4
2.3356242274290284E-4
1.847396335656476E-4
1.934586983447506E-4
3.1728926704707727E-4
4.7388886471397274E-4
5.23032484574748E-4
6.488815453224439E-4
6.828301305959183E-4
6.97339698505689E-4
6.601004593914522E-4
5.8290534082521E-4
5.366857371133238E-4
4.075125706966276E-4
4.553573408654643E-4
2.626147064629242E-4
7.487975029046856E-5
-1.2879042584595934E-5
-1.1724989109640482E-4
-3.638784878750162E-4
-5.136347593318463E-4
-5.605304799496807E-4
-6.014690014261304E-4
-6.056973418360617E-4
-6.153173570135478E-4
-5.761194295972466E-4
-6.266726355389357E-4
-5.751247205927901E-4
-4.193805071540241E-4
-2.634223086652038E-4
-1.3328271834951722E-4
-7.150043527917593E-5
8.724669508505811E-5
1.0862169753203532E-4
3.0798758982988894E-4
5.011627007240615E-4
5.077330307382416E-4
4.5184793180676197E-4
6.012454242437515E-4
6.15982576432833E-4
7.246771544424518E-4
7.854197914962113E-4
7.887911122890917E-4
6.912787127667241E-4
4.951918360347474E-4
3.47272414968805E-4
3.4856027185810323E-4
2.485988377967374E-4
8.622000733730928E-5
-2.29733393042858E-4
-2.798946889076698E-4
-4.6393681752220084E-4
-6.830760168266836E-4
-7.566528031609232E-4
-8.054511815066973E-4
-8.371432397085987E-4
-8.880076125146186E-4
-9.42580119048464E-4
-9.888669154063529E-4
-0.001188607748362866
-0.0014445724326989512
-0.001683574961551304
-0.0018959907515191665
-0.0023629313467434937
-0.0027189984741073786
-0.0033197554832893605
-0.004071852975190179
-0.004675204238347497
-0.005296230743203803
-0.006152770131193891
-0.006828485974523096
-0.007715779634648728
-0.008856560556573384
-0.00998770366353667
-0.011366261820632578
-0.012897095597034794
-0.014658232329387177
-0.016483427840238
-0.018506927770104292
-0.02059801076140061
-0.022869709845767555
-0.025207017925776926
-0.027523822097696896
-0.029760807639422737
-0.03217014794466683
-0.03456273947077447
-0.03686808845023527
-0.03933974202351974
-0.04176728867014966
-0.044009983367805344
-0.04623059058162017
-0.0484878729456334
-0.05052033260163688
-0.052439445736853656
-0.05428791744926661
-0.05601508723977276
-0.05762566500310687
-0.05912020878350636
-0.060347117700464685
-0.06143467171890429
-0.0624494398515603
-0.06314318122316968
-0.06358780483735321
-0.06373951352560674
-0.06363089423278014
-0.06337810555572077
-0.06274715507680309
-0.06171462805627813
-0.06080037857078623
-0.059985897788000425
-0.05897911800591634
-0.05804717744194285
-0.05722957402041266
-0.05644853335938834
-0.05573446323570071
-0.05496997118210029
-0.054140209464687304
-0.05336130656576747
-0.05261513093616587
-0.05207952579241456
-0.051690749228952254
-0.05056639980750398
-0.04867654727028922
-0.04635687462900741
-0.04250993189984634
-0.03716659095076548
-0.02995778375357705
-0.020440939517494858
-0.006868401555059675
0.010031386000770054
0.02809120635000821
0.04551661633570261
0.06184478431776495
0.08082741793626994
0.10517106025225335
0.13136143901399047
0.16091577084645522
0.20006261434152703
0.24429840004214276
0.28444559230065625
0.3009593606820289
0.3139079472137462
0.3435320948264267
0.3663784945979325
0.38553399695204793
0.4030003401344995
0.41601522612528763
0.4258330632151599
0.43190043036740733
0.43426471227830266
0.4326399052692224
0.4251349419339908
0.4111329751282173
0.39047927594364584
0.362833884693619
0.32881489106742323
0.2892471092170421
0.24553934599390664
0.19904433907462996
0.15011909180262362
0.09963530130060846
0.04878173623823837
-0.002767736242561117
-0.055063416928604905
-0.10760375538233201
-0.16050227235084802
-0.21377248122980205
-0.26658663768661833
-0.31895928209826285
-0.3733439716462048
-0.43030994774253084
-0.4860307708393774
-0.536773652090315
-0.5825749510538173
-0.6264218438970894
-0.6726141163500658
-0.7196300829544796
-0.762436571649417
-0.785354574060497
-0.8127138573931268
-0.8189956731962021
-0.8158908711746642
-0.5144306359069404
-0.11709555404107985
0.10849650436168247
0.032609484845593076
-0.09728592599210326
0.01383488524582542
0.05610217132863966
0.09673094118412505
0.17666670108442772
0.24794126597603233
0.2990537221108548
0.34677084131596153
0.39433937398330315
0.43526009841435837
0.4687231700930587
0.4954585721147163
0.5172741965537357
0.5318518921173904
0.5375285721176494
0.5354812066052109
0.5261624725069527
0.5088285234842569
0.48467879348309545
0.4546209051485042
0.4180494622577866
0.37525999065270643
0.32669161975418914
0.27405747442869677
0.2189548260997337
0.1620223038019758
0.10305472033676522
0.04227797466139746
-0.021166623707183335
-0.0889892947043262
-0.16105895869864362
-0.2357782253908453
-0.3128487285269185
-0.3903883236224759
-0.46526271027955457
-0.5344800233811952
-0.593425171981436
-0.6391964884744876
-0.6714813785086874
-0.6947687416781406
-0.7114171556673746
-0.7216925101526093
-0.7297910371353589
-0.7313089571582232
-0.7327586011321614
-0.7103857798163766
-0.6818673397265601
-0.4583689898575342
-0.06943259245219036
0.18592676236436365
0.3164609486551323
0.18584868708105315
0.22224244332459397
0.37411956489657805
0.4620128411292219
0.5111942217863081
0.5710275701821171
0.6211986717534873
0.6614537284735017
0.696221285223473
0.7273562571352807
0.749706240398844
0.7621673886619014
0.7669584375623408
0.7658906729017922
0.7609647354515466
0.7518492587181631
0.7383469433301522
0.7197467503073036
0.6932910151922654
0.6583988975466508
0.6145215058989565
0.5607713700296734
0.4985361433364114
0.429785964031952
0.3564580601377507
0.27907133421661934
0.19727423669455751
0.11221536381965586
0.02557165274601203
-0.06142905264360726
-0.1483897778332809
-0.23496032488282126
-0.320960559660097
-0.4040267570786098
-0.4811803430304384
-0.551486984438698
-0.6142210498920178
-0.6706290428745321
-0.7224320888539186
-0.7705723394077213
-0.8149504090437596
-0.8535284902367403
-0.8865351811326905
-0.9141974607150312
-0.929513895381987
-0.9340125806453425
-0.9130026550835425
-0.8061149950942308
-0.3993429498941081
-0.0034902981264556265
0.21487735395401303
0.03823918599626924
-0.07012362803906469
0.10010774712794529
0.23470771081964215
0.2938953818302725
0.3770237889064874
0.4491752879457083
0.5008763207769382
0.5458299434214912
0.5798619240289005
0.6045057992051354
0.6166790889449122
0.6247124334894425
0.6266076252146563
0.6167733018812588
0.5988421142986234
0.5763384281977066
0.5467542864435729
0.5108636955233732
0.4707336466001454
0.4251879924313725
0.3733575469950301
0.3173350332377259
0.25861775752092236
0.1975774148225906
0.1349682926584338
0.07147171131048324
0.00577123174040195
-0.06269869016268914
-0.13350810522062162
-0.2047242405086378
-0.2749677419755915
-0.34482886138844115
-0.41364103393816154
-0.47907750196073806
-0.5396171816319744
-0.5938965179712246
-0.6406382826440871
-0.6802591948432317
-0.7152035336534517
-0.7445250526054809
-0.7662295586366298
-0.7813619008598174
-0.785737058547604
-0.7949709303335082
-0.7861285847424163
-0.7826637700373208
-0.5719416827287912
-0.19656667204587586
0.056662841181802315
0.16681611177539735
-0.019573616562912677
-0.03727463492922933
0.027309218723912454
0.0976261394591651
0.15530391980718472
0.21637596658917324
0.2778020806323711
0.3274014901434946
0.3671573048999558
0.4046844923272022
0.4338020614178196
0.45709264922542286
0.4769007259305765
0.4891650340866141
0.49182162176680155
0.48762521351057975
0.47899952696450143
0.46581125465382783
0.4469835850972988
0.42237209472627507
0.39318380070283965
0.35939472530695693
0.3191698752136558
0.2724858357391281
0.21975110152180655
0.1612271001619675
0.09800083439101326
0.030455970885755246
-0.04105273804059084
-0.11521479412029689
-0.19130594203287
-0.26774066392847096
-0.34367570981140605
-0.41848756317974534
-0.49146862272777536
-0.561701381023207
-0.6258791764158167
-0.6814352791020162
-0.7267208677000467
-0.7594012425143337
-0.779420208800705
-0.7904813903172254
-0.7971567217948521
-0.7948965841059321
-0.7969886351622251
-0.7851961339370939
-0.7119667290489171
-0.30517391284702033
0.08411025973683517
0.3183002938865076
0.1856825813277494
0.07970952626130945
0.2193670675541728
0.3321124100605486
0.3921017720044675
0.4770506790558936
0.5410426795730642
0.5860311122128954
0.6252587295609149
0.6567073120238988
0.6774406480442439
0.6869070960428031
0.6907651046071921
0.6857462903367608
0.6697940994659669
0.6444903439999207
0.6111435385926985
0.5716579657102336
0.5267756141711798
0.4758566224745817
0.4176954462877712
0.35372253836440304
0.28587613745200646
0.216041638988285
0.14610777703842903
0.0764567088724053
0.005485369169516474
-0.06696583110403442
-0.14045741036621617
-0.21526765331403364
-0.29059717224969184
-0.3654916011103857
-0.43780659929923704
-0.5063486835534956
-0.570135894758782
-0.6275150136614109
-0.6764567602577287
-0.7186429650251283
-0.754741420944552
-0.7825333530701097
-0.803366524551145
-0.8168780318604765
-0.8314142323463336
-0.8291015257968655
-0.7491888380431522
-0.36989132223999466
-0.04481898147465646
0.26411517373778826
0.16637078487168733
0.042149818387843485
0.1226776757152368
0.23911398264282813
0.32644520470298544
0.40273710652937156
0.4636909312665185
0.5181786941556766
0.5598018875044943
0.5933194544562984
0.619780845607059
0.6383486489975146
0.6540223886618892
0.662852132896218
0.6603267995604805
0.6476673584600618
0.6258568659973979
0.5961906699241257
0.560421824455108
0.5196854007576042
0.473493621998194
0.4204387276817284
0.35961751266661646
0.2915548122908862
0.21616901877683437
0.13454466995469438
0.04980716583196876
-0.03771325000728587
-0.128024778886896
-0.21931371573663316
-0.30896109709909036
-0.39548624269334476
-0.47896111607005665
-0.5584809306702325
-0.6311167564175744
-0.6939918967976377
-0.7478807958466749
-0.7911796713032242
-0.8213957972890202
-0.8396202769573171
-0.8494112896138937
-0.8524196467573872
-0.8495021665051792
-0.8430785609413516
-0.8312797291448095
-0.6968887631506762
-0.21703112761417254
0.11152510303889418
0.21615189448938277
0.024868493872550967
0.03619316163503128
0.24656094334814305
0.32974898012989695
0.38413520056676553
0.4804335430057731
0.5274572862382895
0.559759803447766
0.5911026110242402
0.6081113016705058
0.6098673720872556
0.5989326546653035
0.5810411174731794
0.5504112475022723
0.5047689445637107
0.44429078052247695
0.3702087989311582
0.2865424155574332
0.1976633486835382
0.10766853969699541
0.01827918287915864
-0.07032107837024437
-0.1574065873068815
-0.24198334116762865
-0.32190272864630076
-0.39483076512298765
-0.4599466201383422
-0.5169760759073285
-0.564527776917632
-0.6020006771175943
-0.630806113099027
-0.6540830801951028
-0.6711469375176984
-0.6799949243301497
-0.685933973794493
-0.6932145712085322
-0.6995216709553986
-0.7003962836336013
-0.6832063056559492
-0.5465558309569423
-0.11708263081870895
0.16443100152215484
0.2583044320649983
0.10613802771070846
0.1334900942515227
0.3178467763874724
0.37669015731440036
0.4152548389081372
0.49692779756843786
0.5473543863870218
0.588067437857053
0.6345200413320857
0.6736855789199032
0.6999644730502742
0.7183611885943564
0.7297221299527504
0.7270877983546924
0.7121878522888911
0.6851198353101986
0.6446248199231936
0.5910453835434093
0.5258285504449751
0.4501883041048311
0.36147545412511306
0.273034933091989
0.17779134383174267
0.0817640030162794
-0.019500610102426208
-0.12594143217025278
-0.23149729130535324
-0.33649826891493007
-0.43649136994029036
-0.5280439190315094
-0.6119603557863567
-0.6868841103141474
-0.751005269012843
-0.8023093446412646
-0.8408266596507061
-0.8699945444307955
-0.889174028379649
-0.8951887185736145
-0.8925199044502647
-0.8722357285520648
-0.8503972383674019
-0.8070610261407796
-0.7561749283510841
-0.40760262781971557
0.013152943101301995
0.3171397812822385
0.2727539361482485
0.14312208764159773
0.3057276494210668
0.45647564738657387
0.5054330686996054
0.5715421411579349
0.6419499783958857
0.6844849437171494
0.722364378491078
0.7581336766583431
0.7840078060010877
0.7972368291248385
0.8024069758413995
0.7955792144934828
0.7762638171747568
0.7486817822067087
0.7120989051010265
0.6661343546055198
0.611601697564859
0.5498727271068378
0.4799565166344726
0.4022384539794155
0.31881256722617723
0.23103360541222595
0.1395717512215635
0.04568459750243803
-0.04856495751596479
-0.1421408384640337
-0.23388334756285034
-0.32226401218538747
-0.40607067550485043
-0.48408274861650313
-0.5566396384029495
-0.6245518175259355
-0.6881051626106212
-0.7464653665831238
-0.7962997256823836
-0.8346786305316312
-0.8616719816024023
-0.880212167221496
-0.8919052663245641
-0.8886547814127952
-0.8884358446878045
-0.8633831212680907
-0.8405545233348815
-0.5715383398386666
-0.1307515686413412
0.17546637105447305
0.19767341948211792
-0.020735209658389486
0.09108811255653992
0.2868199325263354
0.341198034591373
0.41123830582570164
0.5059239872914607
0.5563664833773863
0.6038415762143337
0.6516144373197459
0.6908914613790726
0.7182963770650275
0.7427776624804827
0.764649784254597
0.7760043494121232
0.7779686982054508
0.7719136374037503
0.7581546399343635
0.7378349724289215
0.7140105661900873
0.6855476650566221
0.6500723587101578
0.6075610396928821
0.5574697782170808
0.5003808211038683
0.4379457035500629
0.3708978776959144
0.2997249233217578
0.22450533195007583
0.14677229758000943
0.06652012818627995
-0.017296650977117523
-0.10429310672952141
-0.19281671735420813
-0.2812587693041282
-0.3694189657553615
-0.4574414706172343
-0.5424567144656458
-0.6215150678986219
-0.6936571175082067
-0.7595710797571171
-0.8176822866013285
-0.8662967854645314
-0.9045969545186208
-0.9338662788674759
-0.9570360816299361
-0.9759450818201207
-0.9924019519093297
-1.0098590467884647
-1.0253806224259856
-1.0305687404978854
-1.015377099755201
-0.9769133076933887
-0.9043698788267149
-0.7170386855806887
-0.20198614124778302
0.15073762736813778
0.2786403258939294
0.12075677258180528
0.12056944282192061
0.36116978811924794
0.43939699760553697
0.4441274431497044
0.532286054489735
0.591906119480913
0.6091977440641698
0.6362800288246437
0.6583554975928534
0.6662482546766861
0.6632270215437799
0.6574887742531681
0.6436372519438567
0.6177062482346729
0.5840314661686448
0.5433307471989057
0.4956505900643251
0.44199844368980057
0.38461991382620075
0.32236953919464373
0.25445050532904956
0.18147035812241752
0.1042918249509932
0.02445639263831545
-0.05706102224320864
-0.13960294220958724
-0.2212611667057467
-0.2996612134338883
-0.37476396872863704
-0.4469214259369796
-0.5164523634871387
-0.5814316936158144
-0.6404901173796431
-0.6927452115604558
-0.7369174411673374
-0.77059985638846
-0.7925735328871109
-0.8048674760436789
-0.8105397542383734
-0.8096395534631666
-0.7986679006146828
-0.7905349118218532
-0.765449855558209
-0.7325880932580127
-0.48653937420016957
-0.005515474821014443
0.23624295793384853
0.3255523007473591
0.13716463797220735
0.20692914894576564
0.4018504582732163
0.4434711580479558
0.4729558506527245
0.5573109574795783
0.6039917522978215
0.636829941413561
0.6760255993209097
0.7110821661384541
0.7340455197261779
0.7506779940448955
0.7640723266250085
0.7653659779091726
0.7559779200560073
0.7409898910184598
0.7183591440036621
0.6881473891902954
0.652244526171428
0.6108594846159414
0.5619106649173569
0.504577300865956
0.43986948944958737
0.3683443103223154
0.29041996914101276
0.20713240427417423
0.1202059690629409
0.03222456347312619
-0.05543535173843228
-0.14326716825396923
-0.2295645772886865
-0.3138332214692836
-0.3960871818538463
-0.4760548240765896
-0.5526600910127657
-0.6253744793183524
-0.6939654044213226
-0.7556157949078393
-0.8079277735926111
-0.8485999853127284
-0.8753773204373365
-0.8887049792221609
-0.890606358585063
-0.8889305076346026
-0.8805567505162268
-0.880990392827242
-0.8533439927946138
-0.8178822585595347
-0.4912040292564721
-0.01781970175778813
0.25445252122564943
0.23039268298205728
0.03925670237840162
0.19824584051835403
0.3845622266882609
0.4065180778418558
0.4672053652188426
0.5531764849836778
0.587831303558739
0.6181405552981283
0.648271191647154
0.667608950886645
0.6730232876295257
0.6729178764161743
0.6679581095971354
0.6498053549120582
0.6217699016603051
0.5872127315317295
0.5455729560117533
0.4975956386092606
0.4449899719061019
0.38840860831563795
0.32710116791657606
0.26103258065688717
0.19023740490321916
0.11471421184079755
0.03592975704142631
-0.04568261200609225
-0.12978457199456006
-0.21401003473727442
-0.296768824684257
-0.37808139333567814
-0.45750588374909906
-0.5332260218056062
-0.6026490536379092
-0.6643545702506595
-0.7181315475985066
-0.7619235245856806
-0.7954497767190998
-0.8223038235719118
-0.8426332126936416
-0.8538769887067632
-0.8601438301016091
-0.8566994128830103
-0.8594394744706735
-0.8316629110706164
-0.7932678636583352
-0.4561663750277756
-0.0017020195533707927
0.2928195590526963
0.29911627979503974
0.11758463667821539
0.24281723812610645
0.41108266073490274
0.4524188292522595
0.4986910102335562
0.5665263193177998
0.6087753146113073
0.6394662162604314
0.6650627268681162
0.6898159511844209
0.701833850634475
0.7042915122023619
0.7001052905814453
0.6831169486570534
0.6537565129179241
0.6153840766556811
0.567881732901768
0.5102947376681901
0.44439973074552785
0.37225262121427427
0.2939727300129191
0.21018741247381145
0.12279979284071851
0.032657229171082935
-0.06005481816074898
-0.15311074886199538
-0.24579431448461042
-0.3375166820507114
-0.4264019723518748
-0.510733115274427
-0.5896370584122024
-0.6618086169240449
-0.7244133865381279
-0.7758665405427823
-0.8156664321446998
-0.8417042309903988
-0.8535443743643611
-0.853625568174698
-0.8432629840992067
-0.826564154321491
-0.8112248696243163
-0.7915667304234271
-0.76256560153826
-0.6947982506689305
-0.5321358967213978
-0.06133322597026991
0.24800272336389106
0.32292947474195355
0.24220562776750132
0.2883146117179076
0.5127812197119264
0.5634115572170248
0.5661391210525002
0.635208782446909
0.6833665372333759
0.6910065674512524
0.7032968022699251
0.7194162546036367
0.7193110974773202
0.7048955202449845
0.6859216412974898
0.6570313216272616
0.6165930275905565
0.5693874601343833
0.5160252010160793
0.45537006367817945
0.38922915081598886
0.31883202895178986
0.24374493146952947
0.16552478675496696
0.0840089978450349
-0.0010427261097127882
-0.08859174505300738
-0.1769539605552879
-0.2645291125612257
-0.34949541389288363
-0.43014549915997247
-0.5060702824881207
-0.5763758065162468
-0.6380281197945514
-0.6876610428215941
-0.7239998150511959
-0.7498789292687431
-0.7675788164427848
-0.7763255842056731
-0.7802446573146824
-0.7834979069813097
-0.7856258466191517
-0.7776217813083393
-0.7571179846806189
-0.6063044347800357
-0.15575641570515364
0.1829963354194053
0.38338596080874776
0.2116082493017526
0.18402017742642496
0.3866951871365396
0.4807750929461947
0.5023426262511164
0.5756616862020079
0.6344363633200691
0.6678722737682676
0.6986953952793895
0.7307778455965215
0.7545764731115492
0.7663611999308468
0.7733843284081137
0.7718568498328127
0.7577662798744238
0.7359423517667576
0.7069242186982265
0.6687893554323994
0.6223384740335396
0.5696469181083557
0.5109833510975355
0.44611421688946207
0.3757850648443184
0.3003455464276401
0.22078475683608056
0.13781392447077057
0.05229378650416905
-0.03467990633883655
-0.12262701306325452
-0.21119244202536613
-0.2995964277207488
-0.3865645318026689
-0.47138497808723434
-0.552068529621295
-0.6283000048584948
-0.6991511940094126
-0.7595016458460067
-0.8082335802378311
-0.8460148416833966
-0.8730164113095134
-0.888924208645792
-0.8936259637193862
-0.8912654737118233
-0.8908577554708086
-0.8832856344684825
-0.8832834830752114
-0.8502464422964207
-0.7528829948598625
-0.22327165955023265
0.15383528790183965
0.18180589128463165
0.0725809610509951
0.09536298728614145
0.3170623155285628
0.3781351059881408
0.4213461095190745
0.5210398077864666
0.5648274080239504
0.5854908461097348
0.6144432863930667
0.6324345541544814
0.6371737192020435
0.6338721644860517
0.6301602574527685
0.6175010801629299
0.5952949716276841
0.5684158093522167
0.5356605103634964
0.4961376052328266
0.4516106075171016
0.4032051245704369
0.34943956359577477
0.2901289191627363
0.22618879168989592
0.15769624867731435
0.08492358761537355
0.008381718785435588
-0.0708132257350611
-0.15074148577227175
-0.230690525900759
-0.31015574563181714
-0.3882504630911314
-0.46439763573899295
-0.5368390024022034
-0.6034198011008498
-0.6613744137849893
-0.7081241576695967
-0.7456282797589773
-0.7733094152007713
-0.7878035103923486
-0.7922971855633589
-0.7902747385211812
-0.7829641338590694
-0.7757449485425258
-0.7608149108597306
-0.7450564193253748
-0.6947237902582177
-0.5925942303261991
-0.1728787427268781
0.1760458898303443
0.28537170925098154
0.18081797874384575
0.11297734402810011
0.3265520027916522
0.4072057609576514
0.3903751648474443
0.4572294691743828
0.5159335599641195
0.5273552328468396
0.5477731075039833
0.5764138578839448
0.5910863509667839
0.5958033848696447
0.6028641576021561
0.6029427257835351
0.5919027998786008
0.5769172368915476
0.5569853066448518
0.5292337151852271
0.4955582437136905
0.45644839933941084
0.41062141928092055
0.3580669802896437
0.2993533569717637
0.23447577393605812
0.16450834483183963
0.09074563915588651
0.014157018469134197
-0.06464157897114609
-0.1448276526015011
-0.22544887257747304
-0.3055406761890027
-0.38397804628708077
-0.45861467993397476
-0.5274727879052263
-0.5899710095302613
-0.6454179085884442
-0.6932232045111721
-0.7306320076372677
-0.7560623520162792
-0.7731330842509805
-0.7818207136393753
-0.7806996006448501
-0.7708521076091697
-0.7546550297189429
-0.738391999555537
-0.7055034194627994
-0.6517963350232452
-0.42430142938855386
0.06335354435034324
0.2886120904500449
0.2957552806710191
0.15102646632520322
0.2756450205082066
0.4706335096221319
0.4735798783364489
0.49812839107629614
0.5812699660376976
0.6157328619189983
0.6309965370287323
0.6606219898973666
0.6846435116390097
0.6922332490169412
0.6944137290015013
0.6930099166595394
0.679545621782033
0.6589864004241583
0.6348188464270286
0.6045461992019301
0.5687924054420881
0.5285897219837099
0.4832569230127173
0.43228823637295166
0.3760553147312993
0.3151875192304323
0.2503948367614339
0.18160002254732044
0.10936360087902086
0.03555584066020945
-0.039183551746384104
-0.11388745061016081
-0.1877502976689951
-0.2608575568474518
-0.33281821477965234
-0.403497962592251
-0.47222744705245256
-0.5353526344524151
-0.5903537392716833
-0.6377735784073999
-0.6763826940185482
-0.7073570916692238
-0.7330994128066037
-0.7546013159091021
-0.776986225691445
-0.7896324938782895
-0.810024943871154
-0.795845398253705
-0.7781557180762984
-0.4541300221761633
-0.08488645928678551
0.20730982863462755
0.21601545174882641
0.004307257735192582
0.06230612028956539
0.18321547097045254
0.23536702185798708
0.2908408217261038
0.349476424645494
0.3858855016472731
0.42204461715116004
0.44966429235392846
0.47799564607206557
0.49802303043504725
0.511412959812469
0.5234448738505946
0.5301352898176606
0.5278340521326972
0.5186869749651426
0.5044304676338256
0.48451063171706643
0.4593075195342031
0.43009364224725255
0.395862140769319
0.354600375868833
0.30657999547387593
0.25303198600720167
0.19207478330592176
0.12783198671148632
0.05999446853294499
-0.010940956320706352
-0.08535034896093574
-0.15952809508426435
-0.23412093764331843
-0.30907677558674784
-0.38233657936605825
-0.45364754350645686
-0.5214659715160566
-0.5841641100444348
-0.6413145259363566
-0.6922249829150453
-0.733547884677217
-0.7645099468341772
-0.7872249423197197
-0.8051493591110521
-0.8210569883893291
-0.8378325457778604
-0.8456644509318196
-0.8529154584310272
-0.8333499875370829
-0.8035364031613965
-0.5051375339312068
0.04071027794330817
0.232488375776005
0.20954612886628388
0.0767816568495241
0.22311144887718193
0.39024271088178963
0.42219273375435096
0.4845638422450853
0.5601206148802427
0.5953890676690561
0.6285569745908424
0.6655036263942709
0.6988625961547945
0.7211088839313802
0.7380943029002238
0.7548141070816623
0.76372307641059
0.7667182043000609
0.7672656087656593
0.7626813953429123
0.7517589080052032
0.7351070339329149
0.7119586060053162
0.6806023374372123
0.6404080529442688
0.5919617562189772
0.5360724682912457
0.4735355326791342
0.40502307360519385
0.3320847785485994
0.25621790216102713
0.1773357098935393
0.09543979740138564
0.012220371508093297
-0.07141687938890717
-0.15465752219131268
-0.2358333210056851
-0.31543931080714005
-0.3939869693513911
-0.47045239448842047
-0.5447678161674134
-0.6159824489687469
-0.6840232252336849
-0.7469815547509984
-0.8034825021245591
-0.8555522639574424
-0.9029800191793211
-0.9408979018617538
-0.9686485602193904
-0.9874217971147758
-0.9968700601772786
-0.9989716688365449
-0.9819012075227302
-0.9585470595042236
-0.9037120611866021
-0.8425803136071659
-0.4961685962329474
0.05272627681685238
0.21052598148002621
0.1677962218847573
0.029136916583093253
0.17904339097849542
0.3375427662746211
0.35918289390967795
0.42089812294134843
0.49996755382831726
0.5335998177898036
0.5670299200387063
0.603816209530935
0.6330163615271363
0.6489798798432158
0.6582040212683142
0.6662566694163079
0.6645432973505025
0.6546987378471694
0.640062048828987
0.6191850313400988
0.5925595100951253
0.5613501581821971
0.5251923283362938
0.48359906806917863
0.4370309725128827
0.3863214734380236
0.33141390239641844
0.27291470519598793
0.21167214413189317
0.14775434142011434
0.081474910151905
0.013487019757629781
-0.05566391817644156
-0.12560464141340777
-0.19591843626147565
-0.26640935843555535
-0.33630740931275316
-0.40493479498735496
-0.4714484782827535
-0.5336754675909532
-0.5898275814634442
-0.6388322150587298
-0.6809712464814437
-0.7176624808640897
-0.7506514099012067
-0.7813946078079539
-0.810273108839926
-0.8370118326482494
-0.8632302234505076
-0.8730853580129212
-0.879792234320889
-0.8480891147591505
-0.8044534679502826
-0.47005411391714524
-0.03083624323951728
0.2687429555790217
0.2735177668832569
0.06431970415486443
0.13501524073646287
0.2814940517857818
0.3247785376776551
0.36035134825278536
0.4244910660160093
0.46425325761415825
0.4997106083847891
0.5318640133004613
0.565134805028316
0.5894746176396803
0.6016290291197164
0.6104830190482531
0.6131694575924822
0.6077171889182011
0.5960379041565558
0.5790902486738494
0.5564403495328896
0.5289086017707412
0.49768452554756326
0.46124860431743686
0.41849285656586854
0.3705653655075749
0.3175150422710997
0.2597325924867988
0.19826189742738087
0.1336834230059072
0.06617856319654081
-0.0035981731578633713
-0.07495731453296894
-0.14795942407032747
-0.2213495807333299
-0.2939267291170049
-0.3663798280252859
-0.43716839865833457
-0.5057553376310882
-0.5715964004435978
-0.6330177672811264
-0.6890726515522552
-0.7386445558974923
-0.7821240513123167
-0.8197095255303495
-0.8465033902485608
-0.8603569440208378
-0.8665434522390472
-0.8562086754748695
-0.8455787190210096
-0.8011325429963918
-0.7526222828535865
-0.40178300160959246
0.0455985594532029
0.27079489681948843
0.25726488964068217
0.08660396122412095
0.22749292068222093
0.36813639878643123
0.3721477249431846
0.42177923042519616
0.5011867227284608
0.5242914450539535
0.5482069774505742
0.5808017889430883
0.604348689775307
0.6171920333123948
0.6279644918572984
0.6376017741356117
0.6369088450002431
0.6293986447336151
0.6193325395236937
0.6056309925663417
0.5871659285768538
0.5651121353206014
0.5397862314134731
0.5083842595756716
0.4710155726999101
0.42952535830281846
0.38363679822714136
0.3330768873531724
0.2789706282610869
0.22258526807817702
0.16411751249567086
0.10344555906091024
0.04075125170912841
-0.023770970048532014
-0.08998135225481718
-0.1571120274210509
-0.22434570555535505
-0.29102203106551094
-0.3571212521855145
-0.4217457196725203
-0.483119477950134
-0.5404961893972642
-0.5938652682411334
-0.642600700380612
-0.6862959509086322
-0.7261273734058058
-0.7627120656789179
-0.7949921906619597
-0.8221898901862703
-0.8470801639054892
-0.8591011365541572
-0.8673400165899512
-0.8430283802676453
-0.8103417191009745
-0.5164648501835387
-0.034641069984766126
0.23805121114502992
0.20260867993537168
0.008253755907216664
0.11224373220256556
0.257784686501525
0.27648595993347413
0.3267818310344115
0.40001529804024294
0.4229324606437208
0.44641445372777167
0.4720903543403878
0.49076729952047593
0.4978896958860739
0.4982080799535584
0.4980360672994726
0.49070429506607915
0.4764625071715951
0.4578664688723677
0.4339767177156979
0.40566500676765394
0.37427070429772424
0.34042483493355924
0.3036678120534271
0.264732449249248
0.22319383783125435
0.17830630762545407
0.13013960693031024
0.07932000323378219
0.026102138248599083
-0.028695444465008713
-0.08460370802658801
-0.1417168060841485
-0.19985903153799978
-0.25866079603613645
-0.31720024865268037
-0.37484852426640547
-0.43045315621116487
-0.4827362328608791
-0.5299500704893392
-0.570949793685692
-0.6045351225559035
-0.6316477135379381
-0.6530421221813185
-0.6688356413322625
-0.6815123257538236
-0.693113922315729
-0.704910283728414
-0.7066008489290647
-0.7083059138972461
-0.677629952653148
-0.6200494406854675
-0.2825267531414619
0.09484653840065338
0.2687425709096569
0.20572999316275276
0.0747288943182225
0.2168825854819394
0.31826813819151667
0.3193237156758473
0.3679545500075996
0.4296946779410611
0.44976963019520255
0.4739774169361244
0.5065159757130138
0.5304597587315003
0.5433742914592941
0.5551519732958958
0.5643213776675342
0.5642863697453162
0.5580257375093769
0.5472100083353517
0.5300862461292111
0.5071994057307752
0.47986524057590607
0.4477056872843219
0.4100830249945817
0.3666979756461828
0.31836835752318837
0.26572114086943177
0.20840955639617498
0.14706592208209557
0.08225753534845648
0.014144302629386374
-0.05683158833980251
-0.12957845780102506
-0.20277210757300068
-0.2756538609200776
-0.34852403181924174
-0.4204265387926336
-0.4905918543393737
-0.5575361120996263
-0.6178995681698991
-0.6686307425810183
-0.7083060779180821
-0.7382068951156473
-0.7579368612252715
-0.7670123390521502
-0.767379422082425
-0.7617987067801977
-0.7547320706514737
-0.7394415794427731
-0.7246262471063112
-0.6780071543226311
-0.5875038372872918
-0.20816580608948687
0.16575946821563736
0.2979071137167093
0.21079846408950598
0.15397851798651985
0.36015038977055625
0.45021069548850523
0.4487596117372963
0.5162963100139155
0.579695836434432
0.5977487969935105
0.6214695956765448
0.6516926928916877
0.6672540979353707
0.6712861926617624
0.673759942788184
0.6674011727717133
0.6503547375091481
0.6294406360848548
0.6032680151193732
0.5695579798736548
0.5307619271080837
0.487717215354575
0.43979676400736256
0.3870156915039109
0.32952433924045366
0.2673605054124524
0.20091647428441117
0.13076784822900311
0.0574278865317952
-0.017750415475451753
-0.09329329202308223
-0.16868687567000773
-0.24365677952556997
-0.3184005443009621
-0.3927631219458627
-0.46583164484792494
-0.5348551339558467
-0.5967797810960951
-0.6506818740343912
-0.6945409071834758
-0.7278953107514718
-0.7533724948826457
-0.7743028676358668
-0.7921325743385887
-0.8077871672556958
-0.8228354846868386
-0.8284551569803673
-0.8290519153730722
-0.801625440456526
-0.6943942094341296
-0.2480806909647404
0.15688239288732575
0.33884710519182626
0.18879612892904962
0.09903188389969042
0.2663087491877034
0.36757037888999555
0.3746585639855011
0.4349657786077801
0.49072926841183495
0.5143377907096021
0.5383136292403954
0.5626341436855888
0.5827281384236285
0.5921524343231823
0.5992335236754851
0.6036666194478331
0.5995555461302082
0.5892490465766906
0.5737440049737952
0.5524666446565485
0.5260110132516811
0.4968251115734814
0.46425396794204055
0.42671335885270345
0.38439827732797216
0.33796384304243876
0.28767132216233104
0.23383665813365173
0.17725655447217648
0.11883841059218803
0.05801893264098279
-0.00499443522572296
-0.06913100641355996
-0.13354844942088384
-0.19820150711614204
-0.26320385689146875
-0.32702926663145426
-0.38728232448230315
-0.44258066978871113
-0.49343739654517194
-0.5406461805871086
-0.5847987220977382
-0.626904318848517
-0.6675287034151047
-0.7075713593076784
-0.7466019250183864
-0.7819066202347855
-0.8107898896279879
-0.8326140418753001
-0.8475650501430012
-0.8428725387615597
-0.8379144056448844
-0.7956737688962576
-0.7334454750811581
-0.33802887936753123
0.0701876449702965
0.26351254217486186
0.2115797056923201
0.03857366469323065
0.15014534170941296
0.2540826881823808
0.2604379018909899
0.30770859271282713
0.37497433367624744
0.4005654343014484
0.4267243433555423
0.4579323147986649
0.4840124961259056
0.4986445534911965
0.510547647398023
0.5233817224323447
0.5291969250280903
0.5287894958621155
0.5246419112425524
0.5166505862546531
0.504213140466784
0.4897035717347311
0.4740029504612169
0.45585821189230735
0.4352328086431818
0.4117409538012904
0.3840545745124331
0.3524074578856915
0.31778526294039633
0.2805014279655902
0.24045544752955372
0.19822055957612505
0.1537349214860546
0.10658627047979152
0.05631076803217461
0.003416986299218827
-0.0516901906841154
-0.10894306648687202
-0.1681943093065108
-0.2290328148492815
-0.29031430827266913
-0.3513975888316123
-0.41217527105171126
-0.47089660127841615
-0.5247060516584909
-0.573472469681997
-0.61884866520887
-0.6607585740987609
-0.6983286415619077
-0.7301858345021541
-0.7560661145961651
-0.7758308651030443
-0.7908962624296532
-0.8048534352843539
-0.811160293277096
-0.8096478284319151
-0.7874177098897537
-0.7514692508046723
-0.5417757283702942
-0.057374845694504906
0.22155489592133826
0.2779570679157235
0.09601685842805896
0.11708791418312359
0.2674429141212329
0.2980142982623786
0.3164670589422798
0.3892235596238782
0.42469493051248364
0.4418016682256569
0.4701409740668794
0.4979361392574333
0.517762543968673
0.5327206322745148
0.5492952065280416
0.561390807782459
0.5667262077879789
0.5683692473171336
0.5670570955227303
0.5623959508985621
0.5532833181267991
0.5409611532415273
0.5264275460154977
0.5079100434885406
0.4835156463487911
0.4540141427726443
0.4200374199322843
0.3815326808591406
0.3394866269737937
0.2946801990240244
0.247276888924862
0.19670901188124912
0.1426307780265672
0.08517076712302796
0.024458825815950824
-0.03931989792365265
-0.10540979248383842
-0.17258623638810722
-0.2409508562870517
-0.3095635647064743
-0.37687830819860757
-0.44280701630538566
-0.5062957344851213
-0.5660405247182343
-0.621960273804528
-0.6748634266960023
-0.7248960895067906
-0.7723637015231501
-0.8165800484661272
-0.8520353079533534
-0.8754904141993034
-0.8912916586831559
-0.8848516530264705
-0.8712714156724859
-0.8193300538100283
-0.7554148608022659
-0.3797849410556715
0.023286170735210554
0.28466855284587744
0.25212008988460877
0.0759624717408176
0.1774822639355227
0.3053650947855049
0.33189285131818735
0.3708516412479188
0.4312804202208067
0.4645173707891903
0.4891272459132283
0.5134786341842741
0.5389346947937836
0.5528290034886592
0.5594152724337729
0.564537305529595
0.561471285453079
0.5486515490045916
0.529288259713625
0.5041334959683494
0.47268709163442235
0.4358269981585279
0.3951625545517494
0.3506588282652592
0.30261475277975514
0.2510397906995836
0.19549133301954935
0.13553378919876646
0.07144689101130641
0.0033747775413468517
-0.06766961318636966
-0.13931009773917324
-0.20990770094433842
-0.2788986544795149
-0.34487251476362424
-0.4069899114116078
-0.46416007477757315
-0.5159228393214921
-0.5628319358601006
-0.6057338767292935
-0.6428545476175991
-0.6718163434031039
-0.6916304787308531
-0.7034118685292698
-0.7083507117879018
-0.706554058424878
-0.6962032779990528
-0.6830807182800314
-0.660266874284428
-0.6160043639114452
-0.42746368553223757
0.0015607287608103704
0.22997188491318887
0.28159805760885437
0.15751412528793907
0.2227967730627114
0.4035028547341133
0.443330289807065
0.46672360509517485
0.5448068960046539
0.5992479905746597
0.6326923648811569
0.6729662722699485
0.711612663635834
0.7339225693000939
0.7483280605630585
0.7599408768514531
0.7600066105188628
0.7498462192358337
0.7337406322563567
0.7101114463616023
0.6774374678953174
0.637767759731303
0.5909914910545035
0.5357511436959204
0.472998559449862
0.40390787079480095
0.32867972019310887
0.2490520822687694
0.16713938484198732
0.0832578340272887
-0.0020448715460865685
-0.08792888543921062
-0.17363648954297695
-0.25795059538589094
-0.3399387261534841
-0.4173293234799482
-0.48908543422171746
-0.5570825320849151
-0.6194574693854289
-0.6742810208562657
-0.7225583663065827
-0.7646723005565326
-0.8005227659226586
-0.827981105615887
-0.8471264009037647
-0.8648899827948178
-0.8707206082349002
-0.8751027110247795
-0.8498895142593579
-0.7728162030683468
-0.344071114542591
0.06573520524918308
0.24824660995231707
0.11228215913452733
0.022736574370675555
0.23000399476516353
0.34672399009550414
0.3697761541558897
0.4539427117378656
0.5066178838451201
0.5279814992619505
0.5539575294991774
0.5757000813397601
0.5869417478175212
0.5879428338512982
0.5891538710043402
0.584145664316229
0.5694802254665552
0.5479928189696421
0.5194150853225601
0.48360284802244546
0.441225719234124
0.39430925961334395
0.3428429201091161
0.28727661735946075
0.22878220972024899
0.16708180291710217
0.10268944551965209
0.035674959182508736
-0.033337126850364385
-0.1034236455854014
-0.17442812616642112
-0.2454238209959989
-0.31571853979186404
-0.3846909927761324
-0.4518155518060052
-0.5143995878779899
-0.5712803883642792
-0.6225315404196925
-0.666382141707941
-0.7020257417334275
-0.730690533877774
-0.7534296579150812
-0.7710037587525331
-0.7841618831991299
-0.7952690660608948
-0.8067900117249636
-0.810229804395644
-0.8074988432689256
-0.778649260346687
-0.730883424218491
-0.4723299998064059
0.02747093389029409
0.24557172105315672
0.2901170582207975
0.12076425024217219
0.22146730443558305
0.4117859282506009
0.4207510807181567
0.43971986504778915
0.5213050627535161
0.5490467574053604
0.5580161882516057
0.5847381227973658
0.6067523887562256
0.6138594239929205
0.6156687764944655
0.6159369662379541
0.606200564152183
0.5883032165226032
0.5658470026495559
0.5368636993381619
0.5014772346347716
0.4618631461824023
0.41925065191238264
0.37327940129715387
0.32340371291981107
0.26992093870105016
0.21269033066024967
0.15177085702313864
0.08705122068480975
0.019369465262376373
-0.04987430928134451
-0.11962002968848573
-0.1890439022537329
-0.2576409516963558
-0.32541154066926214
-0.39195498063978373
-0.45636018964732195
-0.5183614794858045
-0.5765298746700935
-0.6300393676142217
-0.6782360800018097
-0.7179879012912425
-0.7473655945588806
-0.7674148587735754
-0.7785114051874711
-0.784422118300439
-0.7770032910810212
-0.7758423261655274
-0.7457489208609402
-0.7084677107943254
-0.3705281354201535
0.07151881523692172
0.30092933087116247
0.2648032470193806
0.07270225788553031
0.20561753597903198
0.31773405606171234
0.307943016897954
0.35913995895205186
0.4332563236457352
0.4540395316431338
0.4782957096366358
0.5080706130585932
0.530668986903092
0.543614477135204
0.5527202931420021
0.5595929226362983
0.5576804847077836
0.5501757390278712
0.5390046550201841
0.5248647684376841
0.5091763813880918
0.49131461798663345
0.4704466357379644
0.4466009348846489
0.4191483279028363
0.3874469459833829
0.3513355588719316
0.31124586503369933
0.26680939462518793
0.21874929115590636
0.16791379706160559
0.11456630324469685
0.059324802008237754
0.0025397063991556834
-0.05510611756653816
-0.11347976992720632
-0.17251143778920408
-0.2318184778299326
-0.2916404815572955
-0.3511594445598494
-0.4087990156323471
-0.46407741463459384
-0.5162563313834561
-0.5633161497653356
-0.6029269613798895
-0.634215603751187
-0.659006528782732
-0.6784462703391929
-0.6921559798021129
-0.7051700737118809
-0.7070907321446489
-0.7117716979026696
-0.6843857189136848
-0.6418550386448505
-0.2806929097216946
0.14669881550294228
0.3477593929314855
0.2811362351797273