0.001487466467465164
0.001348292314230833
0.0013715552491744953
0.0013526441620955827
0.001151400010579583
0.0011338971082569737
0.0011246527687140096
0.0010228716818191297
7.810712788493173E-4
6.632522850726688E-4
6.395374005829487E-4
7.018461877750686E-4
6.748017250415182E-4
7.058537483284064E-4
5.547834449111777E-4
3.548564868742167E-4
3.0601821698580944E-4
4.694825288371568E-4
5.945771564015636E-4
5.213924885426032E-4
5.122634131459738E-4
5.074789091058306E-4
6.085777144490508E-4
5.175210325233097E-4
4.917768220764752E-4
4.3081956899257965E-4
3.7021662498218453E-4
2.8795010132974877E-4
1.747819520971669E-4
2.7712645645212603E-4
3.5572619317061514E-4
5.07398482008386E-4
5.501451707220491E-4
5.6684962236439E-4
5.763213997052471E-4
6.43449077932361E-4
5.962503601647648E-4
5.89969789405796E-4
5.985132342762704E-4
6.06964133428845E-4
6.466253010986417E-4
5.746557140479816E-4
7.222626421686841E-4
7.863134202735684E-4
8.402563800860587E-4
8.079512610368513E-4
9.65204918570186E-4
9.838578047821015E-4
9.918420481994567E-4
9.269954801254163E-4
8.003387580788404E-4
8.335164790701953E-4
7.295873128885136E-4
7.569079209069065E-4
7.387532318249516E-4
6.602834232827207E-4
5.316252005690787E-4
4.4705927479964536E-4
4.5358814338025124E-4
5.393186858169046E-4
3.9337359857252426E-4
3.742581087929006E-4
4.481161007495399E-4
4.721822830748008E-4
5.654708625723588E-4
6.113329867226854E-4
5.607732878638049E-4
5.342313989481914E-4
4.3692860116217955E-4
2.958922446914926E-4
1.4952934751173404E-4
1.9729640548626307E-4
1.8006650649668573E-4
1.838666323776745E-4
7.065317397708182E-5
3.539519066974792E-5
-2.684960822608041E-5
-7.350171808450517E-5
-7.605232914074857E-5
3.4075280753475753E-5
1.8061512072402568E-4
2.576655576878653E-4
2.8090448265293087E-4
2.9646557860242735E-4
2.1775705237129378E-4
2.3677092752576352E-4
1.8706056542287536E-4
4.209827532469096E-5
2.0512947306806223E-5
7.194405697555622E-5
2.0646189374320077E-4
1.7738000738354645E-4
2.3394037697086617E-4
3.056305333053507E-4
3.084748920617634E-4
3.156124279669057E-4
2.9590235349461185E-4
1.948989942528196E-4
1.615583333618763E-4
1.6613985604134723E-4
1.2594870599629514E-4
1.0044359672500922E-4
4.659278396172868E-5
-4.246113455760349E-5
-8.958440575578767E-5
-5.2714015881297725E-5
-1.347083850567754E-4
-2.3853011482889794E-4
-1.737062059599167E-4
-1.2832770530483983E-4
-2.4073782079978706E-4
-1.96612944599695E-4
-1.8667401701280908E-4
-2.650661959971677E-4
-2.6490625614973996E-4
-2.5790815835658246E-4
-3.1679813524224977E-4
-4.1983115903371053E-4
-4.4993969820523137E-4
-5.43972644094233E-4
-4.6127252772167494E-4
-3.444890822488439E-4
-3.935789389597896E-4
-4.479062301635285E-4
-3.9348162887432E-4
-3.059429418714784E-4
-2.3258145211720038E-4
-1.3837561943881235E-4
-2.1541223665993113E-4
-2.4951363405384397E-4
-6.142751313127984E-5
8.042670529404949E-5
1.1886964270456293E-4
8.22624715080024E-5
1.0393369226171546E-4
2.746622107473555E-4
1.437185144920819E-4
1.1575552078674396E-4
1.2893869441067685E-5
1.8097188932757018E-4
1.9655878448794628E-4
2.2946892549294447E-4
2.9363832623146603E-4
1.3512815660600766E-4
2.0638813822036403E-4
2.3286171503440235E-4
1.9405719539131172E-4
1.0966965747228295E-4
1.5172051832031304E-4
2.202825702085874E-4
2.4024040303925222E-4
4.7292287143312593E-4
4.946762390671735E-4
3.645365877122976E-4
2.1006915611734844E-4
2.4149436838492855E-4
3.010660039951714E-4
3.606287775735073E-4
4.05436023803718E-4
3.062330234381745E-4
2.7232753067307595E-4
2.1517961653944734E-4
-1.5288772361466904E-5
-1.0460344381175123E-4
-2.1073312079475034E-4
-1.7560592755181716E-4
-1.0809831084090775E-4
-1.2046751210481252E-4
-1.761962676410534E-4
-3.36907979564538E-4
-4.051356921574347E-4
-4.955947380876295E-4
-6.329790372067608E-4
-7.788336186641664E-4
-8.709419854637176E-4
-7.627033765671403E-4
-5.685905397925257E-4
-4.841338726523023E-4
-3.9712831306854164E-4
-2.801908421313712E-4
-2.547434249468069E-4
-1.860106495562685E-4
-6.540022098840657E-5
3.0379936116799178E-5
4.645777144180081E-5
-8.955844294786588E-6
3.141656092440874E-5
5.818639673893164E-6
-7.05131058523975E-5
-1.5850638345314867E-4
-2.154432059473469E-4
-3.581461118148995E-4
-3.402823345434354E-4
-2.168945889197034E-4
-1.1297478433424345E-4
-6.28335990198528E-5
-1.355898709026141E-4
-5.849559078114491E-5
-8.543001106817508E-6
-1.538276844649418E-4
-1.6442713853275816E-4
-1.884949856207855E-4
-3.093938875826461E-4
-2.004563158340203E-4
-1.2179794259821464E-4
-2.077461409099226E-4
-2.663997340849617E-4
-2.2296359986392726E-4
-2.2393956873096102E-4
-2.53505245368435E-4
-1.914779026772461E-4
-1.7900830245470498E-4
-1.2591391809991734E-5
-9.262599161819624E-5
-1.7269085170701533E-4
-2.618471727905466E-4
-2.1162729520501737E-4
-1.7173105551770984E-4
-1.9468009989436624E-4
-2.944786605600328E-4
-3.2936682573591475E-4
-2.735221095801713E-4
-1.990962029805171E-4
-1.8940430804389313E-4
-3.1234040789581037E-4
-3.256316155979145E-4
-2.9713065380395504E-4
-2.168574424908018E-4
-2.068962912605797E-4
-2.0610766947977595E-4
-1.4199682754117982E-4
-1.635404539960337E-4
-2.0879934478043073E-4
-2.3543516449292708E-4
-2.480464435683713E-4
-1.19844149213396E-4
-2.9395323245862137E-5
1.472656339045579E-4
2.2817167838713043E-4
1.7719294223631984E-4
2.0265978952202848E-4
1.6856745694625655E-4
2.5343043272409854E-4
3.1740568910113703E-4
3.0316405020698774E-4
2.554861262975862E-4
1.3667374303591613E-4
1.743285934502556E-4
2.122702481474354E-4
1.6832095008536066E-4
5.6187855951564045E-5
2.0635071157165327E-4
9.46163572544019E-5
1.919682080005116E-4
3.015286649136282E-4
3.075431756037073E-4
2.9394005180248886E-4
1.8282727132203774E-4
2.559988555934714E-4
2.5234804113897884E-4
1.935645489248121E-4
2.0417518834291506E-4
2.5829427133843876E-4
2.8316624601453996E-4
4.186188900363614E-4
5.309002268546036E-4
5.997556808714291E-4
6.00203334309159E-4
5.569214040789892E-4
5.71321221182761E-4
6.085117828112958E-4
5.458720310905444E-4
5.730965320067498E-4
4.730103559609372E-4
2.7688771788906066E-4
1.8312086616119327E-4
2.3482337661511615E-4
3.67184477395182E-4
3.107151704080588E-4
2.0091667853526854E-4
1.352786822052983E-4
4.705621035200336E-5
-4.911246953748574E-5
-1.5080683548845258E-4
-1.1387813304864977E-4
-1.8516365046473277E-4
-3.845273925583703E-4
-3.004969307912539E-4
-1.6397012072949524E-4
-9.995035483629025E-5
-2.0581994425748762E-5
-6.432318315151286E-5
-9.11624911686601E-5
-1.5486230577299934E-4
3.852942977650847E-5
2.506688775897187E-4
1.8885103678512385E-4
1.4507275863894636E-4
1.318723652629604E-4
2.7719225115616086E-5
-2.2677101565696592E-4
-2.7054603351029174E-4
-2.8370107294393293E-4
-2.9181721601782146E-4
-1.2752178856429916E-4
-2.7032511341066462E-5
-3.577724561697193E-5
-1.338293576213824E-4
-1.0886763688645537E-4
-4.229114803513262E-5
1.643328641413866E-5
1.1353957725893787E-5
-1.0293830963548078E-4
-3.1633144937885313E-4
-4.176367326519069E-4
-3.653782184242574E-4
-3.0216111361371784E-4
-2.3074774696282482E-4
-2.663144645201898E-4
-2.07183330744036E-4
-2.9507357793277095E-4
-2.8853263790106984E-4
-5.787227715721883E-4
-6.851938416825368E-4
-5.798655218809644E-4
-4.0280486279911307E-4
-2.999713750728161E-4
-2.2623148151822842E-4
-2.0875535086002303E-4
-2.0086870845744884E-4
-2.596563677713139E-4
-2.027141675479474E-4
-1.7031610522094676E-4
-2.814467508143216E-4
-2.3330250758023946E-4
-3.769231478808442E-4
-3.393185824951961E-4
-1.677673032921441E-4
-8.849592610208831E-5
-8.231898692552184E-5
-2.193268489617331E-4
-2.54635496704847E-4
-3.1250920499646326E-4
-2.3460262827823541E-4
-2.59897883622847E-4
-2.635561344033095E-4
-1.5806062923762187E-4
-6.722073422277611E-5
-8.150683462206793E-5
-1.1840889720307265E-4
-1.1572874455677631E-4
1.3956408746190405E-4
1.5267699084342556E-4
2.2090642248795075E-4
3.605684031907676E-4
3.6377670988883143E-4
3.9709729568874336E-4
3.535939998336804E-4
2.258203070495679E-4
1.0808113925464893E-4
2.030970917989497E-5
9.86189772904586E-5
1.0605794743273958E-4
1.0360876964809682E-4
1.0185022325051585E-4
1.264315818671688E-4
1.301973087343422E-4
1.6763488949815553E-4
1.809947787630925E-4
3.286370768146758E-4
3.9236797134206344E-4
2.6883045709329145E-4
2.5756286986060306E-4
3.573727265155785E-4
1.8157499242641914E-4
1.388415695915933E-4
2.0662574679849305E-4
2.072995208373951E-4
1.5861552105530044E-4
5.2526899809664934E-5
1.3682279310468087E-5
-5.498387911746436E-5
-3.831649513445778E-6
7.814110387440593E-6
2.6478860896263917E-5
-8.54699529783988E-5
-3.1256015407546064E-4
-3.5410083266211936E-4
-3.413132677966904E-4
-3.039610644463564E-4
-2.55450296387575E-4
-2.0142429943545773E-4
-2.6184534591523756E-4
-2.24639757091534E-4
-2.562579029811267E-4
-1.4290392187269949E-4
-1.9039244587689894E-4
-3.683832592277711E-4
-4.4818851537391236E-4
-6.045478108651324E-4
-7.154713309922671E-4
-9.459375797376234E-4
-0.001305233784330815
-0.0016570187242148093
-0.00207776027065934
-0.0027106598798752983
-0.00329254271747928
-0.004164543250631567
-0.005085386518111412
-0.006163275343484948
-0.007235214041046333
-0.008581922560101754
-0.00999287767573817
-0.01151305923759348
-0.013231144888095405
-0.014962745266548763
-0.016782147745750195
-0.01854934364384462
-0.020475192819143402
-0.022649627526421422
-0.024678342209326135
-0.02674204236699308
-0.028837344685328795
-0.030823197368453237
-0.03279540758888001
-0.03484751820961385
-0.03688434935060548
-0.038634633562843405
-0.04014760341987256
-0.04151646248724032
-0.04272399036275873
-0.043676410113431645
-0.044472422885756785
-0.04501320146956386
-0.04533434602332716
-0.0456206109775026
-0.0457188065601792
-0.045585395633104216
-0.045362858226511774
-0.04499148380253151
-0.044554366386110725
-0.044209935378888815
-0.044056809242635844
-0.04392986121325524
-0.04392082242744613
-0.044069845159733584
-0.0444929363296772
-0.04491024491432137
-0.045634895390632015
-0.0464447736633555
-0.04746401715468577
-0.04869460282527691
-0.05002727155178205
-0.0515992964651882
-0.05339984346303574
-0.05520928762277444
-0.056916418018669965
-0.05891663344505639
-0.06076263066620753
-0.06268679625835342
-0.0645240084377691
-0.06593084525118315
-0.06722898098106601
-0.06768939031307271
-0.06678101081250723
-0.06386506872816466
-0.05665016791056657
-0.04443703450619884
-0.028422307791665873
-0.00986376969893226
0.009282597897316447
0.030169836825786944
0.05291618440313251
0.07841326225995912
0.10918962270295393
0.1430273106833107
0.17773953411533625
0.21338715807391037
0.2509668249938591
0.2937750974182516
0.33908532011461257
0.3787615624390992
0.40843300535640303
0.41671248689948637
0.4101317489246256
0.40604890527750337
0.4107750979806463
0.4194923680902193
0.4210328982538072
0.4080824723224087
0.37910204653034896
0.3372321433277055
0.2863129990151003
0.22887406519308823
0.1661802803682792
0.0982165989063635
0.025784332518015568
-0.05044839568709688
-0.13075473934678397
-0.21489144560723678
-0.3007566719634464
-0.38589977512762974
-0.469761716031371
-0.5517782048520996
-0.6299916019211851
-0.7010279711660872
-0.7610661689499372
-0.8040121164499696
-0.8218639049249302
-0.8048091465827796
-0.7436155197610634
-0.6370122145888713
-0.48334852518118154
-0.27750344250274495
-0.03626283855117563
0.1949547278034352
0.3648478012740497
0.45997417065202506
0.515932024932083
0.5676868529259348
0.616749158460042
0.6532844834415347
0.677716215539297
0.6918601177566746
0.6986850944069287
0.6973580497461418
0.6848023423090625
0.6597271496791006
0.6217037213436521
0.5719572737354783
0.5143929213022537
0.44933428710334616
0.3774732690346683
0.3006502968448673
0.2202020640128822
0.1358959169705987
0.04709015087683925
-0.04498126198086529
-0.13860605730452613
-0.23262003088768476
-0.325331542517742
-0.4153157765271073
-0.5010491232401614
-0.5818449857741014
-0.6573705717723602
-0.7254910013667173
-0.7840139336539727
-0.831463691428213
-0.8636443480296271
-0.8749604078206357
-0.8630766676375069
-0.8255836673864406
-0.7589626813596562
-0.6580008460386934
-0.5136475396986818
-0.3158977787213466
-0.07684203989299956
0.15961625806060695
0.3268834965089451
0.4188085814093025
0.4825140925979799
0.5414018872936867
0.5831293482692629
0.5990677569650062
0.5987584486434356
0.5844281520982063
0.5525795750983028
0.5033587820481894
0.43604754792589107
0.3562831201376459
0.2649669636950051
0.16250379591273786
0.053457717007455205
-0.059829224469990734
-0.17633178263476787
-0.29609808894936557
-0.41551818823023967
-0.5289846269041619
-0.6323257430027812
-0.7199314493982488
-0.7827773138476805
-0.810372597221772
-0.7901912111010133
-0.7092283664556888
-0.5546544282227961
-0.3306277719982525
-0.04952275841824387
0.2110171709394227
0.3645595198523483
0.4312516414385353
0.4704724932073583
0.5207667909842303
0.5569146858553212
0.5778280859363016
0.5944600393954915
0.6061262180110212
0.6049305626367376
0.594156996373622
0.5762221788630083
0.55199117967856
0.5197943098260329
0.47910079290409363
0.4312382458259331
0.3742915684399716
0.3084244132081051
0.23485136631401235
0.15527951279430952
0.07050815692048609
-0.01932796276810323
-0.1131376627581608
-0.21049030262485185
-0.3104616227017098
-0.4114897487449077
-0.5118571063427061
-0.6100524439944963
-0.7027005579704378
-0.7840966981622373
-0.8499763400637316
-0.8956434523591338
-0.9104584525464265
-0.8856392027978561
-0.8033943453202389
-0.6443021800383026
-0.39579561269808394
-0.04884985102356172
0.2685422372718527
0.4228839805857065
0.46995049318524845
0.5151724267258757
0.5828616441201012
0.6170823913723616
0.6284526540219029
0.6408964548781895
0.6465896056748324
0.6311557274227386
0.5937620498862514
0.5435322725062688
0.48481898475488805
0.413499005826367
0.33014500537815844
0.2387277746739256
0.14336113089077065
0.04493981868947605
-0.05458686225957413
-0.15474129651018942
-0.2563170442250965
-0.3593511861239528
-0.4611424442345327
-0.5587800607952357
-0.6479206461261645
-0.7235473249084833
-0.7829004771105383
-0.8191021054698179
-0.8230396012985375
-0.786229515192635
-0.7003783138814057
-0.5603046963199507
-0.3653372359829101
-0.113957930121703
0.14165895485296484
0.3194066595000297
0.411842657577629
0.46855446153330904
0.5270865320592001
0.5749088520447548
0.6031497779983351
0.6220444055138645
0.6339419747697325
0.6320762759087131
0.6124662454418107
0.5775809160309078
0.5281355918134351
0.466786944623281
0.3925107158618925
0.3088102982360549
0.21867041137351767
0.12334107528073956
0.02455200881840791
-0.07747789136706612
-0.1820140018998054
-0.28674253455401805
-0.389346059766715
-0.488413476810625
-0.5812689217916835
-0.662948441726573
-0.728165252189668
-0.7692522727868873
-0.7815118933401196
-0.7667651467121759
-0.7172593830030989
-0.6234535712696666
-0.47874434903104185
-0.26100607578141577
0.011727153720452528
0.2478919749617386
0.36772293193486516
0.4269841381913687
0.49555967188665534
0.557363772912239
0.5891765840411722
0.6077322171158978
0.6220414122263693
0.6256076407156266
0.6109224724922908
0.5814012195133155
0.5424188643137915
0.48928599699773534
0.42223095135443833
0.3455791994872951
0.2625352957728769
0.17442262759767532
0.0829986722746686
-0.010891393712073438
-0.10528017813990471
-0.2003136826036395
-0.2964129540373239
-0.3917739594839216
-0.4837469772155746
-0.5692248418894806
-0.6455786785778631
-0.7079954406770602
-0.7508848367784677
-0.76880528602781
-0.7572275554642658
-0.7121630462982746
-0.6287884225871608
-0.5086428224056129
-0.34532812974527755
-0.1331602509229146
0.09483869371266294
0.2715536053534252
0.3696073030593526
0.4389895249898024
0.5070113412803664
0.5591587923711788
0.5880870501881976
0.605394503577274
0.6126922579816411
0.6025458599540735
0.5744117967680616
0.5342535798642171
0.48165617212113676
0.4156233622111455
0.33888919517697524
0.2530755113162777
0.1605111393628706
0.06402536323961468
-0.0356191057157678
-0.1373403928964442
-0.23928675248456
-0.34183384018265867
-0.44357219425779204
-0.5419226446231541
-0.6335242251675164
-0.711345670190716
-0.7680708445309044
-0.7969761114435021
-0.79347786193552
-0.7479829315629439
-0.6488737489177924
-0.4897123423625699
-0.251419856851686
0.044465646312405654
0.2810065802634879
0.38631749738871907
0.43839527167044445
0.506407857480763
0.5639203825403478
0.590616805607903
0.6104882908460932
0.6268787236474943
0.6267466851036011
0.6096238252632353
0.5761841334815343
0.5302175340404099
0.4694544768545601
0.3955797533669855
0.3113959191596495
0.219664062933453
0.12354858671345213
0.023444693071305787
-0.07882243170667405
-0.18189235154518313
-0.2856314789087677
-0.38905786976335316
-0.4899208627797881
-0.5859052624351113
-0.6740166818384126
-0.7485823025448256
-0.805066155987628
-0.836010972833765
-0.8300599152795259
-0.7743198583565355
-0.6526419220956136
-0.45959952550425737
-0.1903499325280014
0.1106534444812057
0.3221663992828489
0.4133518187075573
0.46061475330967405
0.5273640993304061
0.5826049100239356
0.6085300484721574
0.6271874776103735
0.6421026173916202
0.640956924672667
0.6200932891422754
0.5869955917810464
0.5391523234784155
0.4768487915270675
0.4008957303425822
0.31391513537057736
0.21979644437824056
0.12158139924451268
0.018295781372124183
-0.0887149654456725
-0.19807457320932517
-0.30861549504909647
-0.4185112376652461
-0.5266267353408813
-0.6298882695617218
-0.7225359730411842
-0.7996391755533037
-0.8558482270485122
-0.8837701644255966
-0.8697080683610164
-0.7993726325095548
-0.6549791122955703
-0.42469535513890405
-0.10298118888473803
0.21218046747225722
0.37905723273383396
0.43255587610833157
0.47009342507995894
0.5304096959204643
0.560460830649067
0.5675750273346143
0.5743948752882702
0.5742677659267478
0.5544610352493902
0.5154314649425539
0.46627235531066674
0.40276599723236056
0.3250325950504273
0.23610299043978683
0.14061923594418907
0.040746118874246645
-0.0631033793070696
-0.16827052477891966
-0.2732511930762253
-0.37546514829933264
-0.47294697914052114
-0.5642154896258904
-0.6430174025409678
-0.7035438023863405
-0.7373227061861573
-0.7332514281307123
-0.6787018298571658
-0.5651986837307511
-0.39146357905621004
-0.1566880603830068
0.10448774391120808
0.2894372676128507
0.3705778557309169
0.4199254694873205
0.4816956958454223
0.5286788633803375
0.5528081167026404
0.5713573933882843
0.5852020262076845
0.5836036005891219
0.5638506081514841
0.532467213560837
0.48673096817030825
0.42765302306748704
0.35766184782519467
0.2776366849866889
0.18857202904950834
0.09385467419300983
-0.004232113353249221
-0.1047206729636198
-0.20654470763517135
-0.30915664545939375
-0.41107349734924126
-0.5100064105474801
-0.6015367250577427
-0.6814127793890392
-0.7443502711300861
-0.7857188087552971
-0.7952349531274896
-0.7592760473879033
-0.6643547121550756
-0.497419774143834
-0.2539776238414106
0.048221721916074226
0.27922628073032285
0.3747686366528519
0.4141176255799537
0.4705996666053679
0.5242130868753455
0.5429249513753195
0.5528720295427784
0.5616453608550414
0.5573343040310602
0.5324807535142608
0.49447011097333604
0.44479128419596736
0.3796369643670884
0.30247469510218705
0.21592037710158798
0.12251317821712059
0.02447815403154594
-0.07573201168308596
-0.1767365541130746
-0.2779173091297331
-0.3782119453808131
-0.4742255827432908
-0.5630604574429516
-0.6396439253240048
-0.7004346645211436
-0.7392823519676849
-0.7455917670530415
-0.7074521543233061
-0.6136511374312535
-0.45754010939562134
-0.23677784257079046
0.03100151625272142
0.2408133550614286
0.33533710855863574
0.380619363235809
0.43555425451108926
0.48416074538895587
0.5019004769715173
0.5110696335050415
0.5191846732912486
0.5153923476667662
0.4945212972207162
0.46267455863844725
0.4207103336210859
0.36397863533379343
0.29611079656996514
0.2184666247294692
0.13339628444610557
0.04349059563998946
-0.049953791103089465
-0.14492350100604723
-0.24055602070679677
-0.3346881464416909
-0.4240505477508659
-0.5059633542700535
-0.576908469060124
-0.6299775286801371
-0.6570120251342446
-0.6539982242101113
-0.6147687517642226
-0.5306835639971014
-0.4024901992352896
-0.2219493681213498
0.004538727088944379
0.20236866894536842
0.3109521715469782
0.3747715211844372
0.44507949313575557
0.5047603038451499
0.5379195298107737
0.5605240776547687
0.578645760490216
0.5795054801101206
0.5656995876509829
0.5399316077763763
0.5006349008286036
0.4491194439812126
0.3818275425518354
0.3040635624659848
0.21806058377532256
0.12530680831762683
0.02775067212096042
-0.07235993223714324
-0.17290016349899928
-0.27411194014556123
-0.37611728946870965
-0.4768445035520629
-0.574899669967198
-0.6665270143366083
-0.7475424820106686
-0.8111789625158657
-0.851242938256464
-0.8596234118496687
-0.8122603035285356
-0.689761128578157
-0.47667314608925493
-0.16815116472857788
0.15999481088607687
0.340249211530529
0.39126714093287934
0.43559545922457443
0.5067193935742758
0.5411167334862521
0.5470909665270247
0.5605273053154122
0.5686795397538643
0.5583610610085336
0.5346896099819239
0.5028131312003432
0.45973375301750147
0.4046491225459222
0.33837402369660474
0.2640551719776129
0.18214773221309838
0.0930620849614151
-4.218739738839142E-4
-0.09536358966470382
-0.1912633254652078
-0.28724378809078577
-0.38224449750841777
-0.47644949253334284
-0.5664949587688253
-0.647768095390604
-0.7145121182392908
-0.7609151406253324
-0.7778328111426448
-0.753875875106171
-0.6718579036750948
-0.515111985661972
-0.2765452024799532
0.02879644813515434
0.2661490681427195
0.35711284412366967
0.39372467947362166
0.45553722862173307
0.5054263496375047
0.516507646465482
0.5243916044398502
0.5338498946009418
0.5290645856766396
0.5067255874016227
0.4747043677385764
0.4341233663201715
0.3795153758867402
0.31254708046495033
0.23646488198606785
0.15260293790284613
0.06242505247647866
-0.03116705303207954
-0.12636413500736168
-0.2222033480228363
-0.31726792519571145
-0.4103578002809284
-0.4992779725094657
-0.5802492343654241
-0.6489051471083186
-0.698818177766763
-0.7202676994031002
-0.7029319821990622
-0.6297935483214784
-0.4884880648021
-0.27380425071947256
0.002846307047226132
0.22909183920254356
0.32851345006943866
0.3722502230241993
0.43180757772448775
0.48731668269827677
0.5109810006740197
0.530092015718873
0.5502327210231075
0.5577025501073458
0.5488886835821761
0.5327115821736788
0.5043225257120305
0.4627787005871879
0.41022916969282286
0.3470741107782209
0.274354970082555
0.19472413338408895
0.10926681056982426
0.018840151510803725
-0.07518354130976293
-0.1712064889634084
-0.2680575386436865
-0.36515539626826055
-0.46115136522882183
-0.5547884038757482
-0.6436552052163635
-0.7229978877075179
-0.7872382968684752
-0.8301204717422597
-0.8425883339333021
-0.8082127008886953
-0.7064147306867051
-0.5153242558281993
-0.2247183067832429
0.11837549867583469
0.33042917866989474
0.3887808026448539
0.43058075563134673
0.5089479050190924
0.5513727050547964
0.5551719101953266
0.5680121486568217
0.577140295352091
0.5653662029062099
0.538361366785321
0.5048799221087359
0.4603220291817186
0.4016625719936267
0.3334084744282958
0.25713772961106063
0.17161921208370212
0.07908007321105398
-0.016607951052986014
-0.11395758108881011
-0.21156241965988706
-0.3079304655045116
-0.4034176575529782
-0.49725654373195965
-0.585917123476991
-0.663825214820998
-0.7255982489133271
-0.762925262202518
-0.766084789139641
-0.7172344307189622
-0.6017459110308571
-0.4080003493885501
-0.11995224431421059
0.1775577032883132
0.33395395995010224
0.37189139348108075
0.4049777548551347
0.4650798027317946
0.49379720077420314
0.49936547854854985
0.5093528119475687
0.5149008429681106
0.5029121588854291
0.4759497007908576
0.44088017202250496
0.3930820796066587
0.3298025228458959
0.2568789597289422
0.1769269457702874
0.08971911127457122
-0.0027419058633913057
-0.0966244099790367
-0.19139322099283915
-0.2846751278827639
-0.37562256182121145
-0.46208451313161203
-0.541879526693198
-0.6115875069069336
-0.665726266882564
-0.6965564529213149
-0.6928817841975565
-0.6423685057454895
-0.5347588987211357
-0.36710112362609437
-0.14198528189111848
0.10240443736692045
0.2674276509934511
0.3358567889270276
0.38391818169433434
0.446775147716668
0.4912358769572959
0.512175389641597
0.5312708097657496
0.5458059603100329
0.5458901820634888
0.5333459686929007
0.5131069930372207
0.48232478695356645
0.4394342599539682
0.38639201407517654
0.3243032769224773
0.25240456231181285
0.17190302950747008
0.08480620304480986
-0.007599787190736958
-0.10273101792933956
-0.19899343301301556
-0.29574461342648967
-0.39333947341243314
-0.4915769794081246
-0.5870187704446548
-0.6731518404989973
-0.7439645991463548
-0.792064175931834
-0.811966706940452
-0.7904991348341419
-0.7078246060648268
-0.5420297633630542
-0.27339438866150256
0.07534506495848348
0.31447576892853196
0.3821042268597908
0.40247547302436687
0.4595611733090473
0.5040972406986389
0.5089094531460002
0.5166909056197144
0.5260853586902549
0.5197752835865415
0.49630847473667883
0.4661030511610599
0.423060464112608
0.36198502647344916
0.287606517271646
0.20555387593260552
0.11580877439821788
0.020288950125670335
-0.07874695931184547
-0.1780339772936879
-0.2762236297762255
-0.37280357427375976
-0.46721231149461406
-0.5570001493875519
-0.6389314977914784
-0.7089873449111782
-0.7591621974505204
-0.7775172366904465
-0.7482168609503439
-0.6497498269554361
-0.4580701549859124
-0.18002649415637534
0.12195132932714536
0.30301335870132035
0.3483562558921917
0.37176365267110384
0.43178389111737997
0.4716563267460264
0.4801132381828109
0.49410459552629776
0.5048044461500826
0.4990817589959056
0.4809095706533465
0.45625905060294053
0.422497110355207
0.3783585129795635
0.32538656794839427
0.26366701376771434
0.19279777566325657
0.11492139805896395
0.03047521628373768
-0.058604103974434135
-0.14947975691344656
-0.24079818612265338
-0.3308394642032637
-0.41931562765504543
-0.504047936380106
-0.5809138893993016
-0.6433788047406339
-0.6832252376719831
-0.6922084652933951
-0.6589638033293357
-0.5700997267982949
-0.41791147903418624
-0.19260524731702458
0.07679650707196439
0.2690116273062677
0.3419827762126252
0.38627004695214534
0.44830757500464713
0.49111259724482903
0.5088551331586769
0.5260406639640868
0.539783546029964
0.5385340596589645
0.5244045696787115
0.5019474560554917
0.4659455021965291
0.4163180421601759
0.356164519808062
0.2871676500117614
0.2084861565514556
0.12242533679598566
0.03202536936818383
-0.06146060029499674
-0.15697089269599274
-0.25382430815089835
-0.3514560700552955
-0.44858438077892615
-0.5437110550967299
-0.6335082645450312
-0.7128266355441232
-0.7772759723255277
-0.8203002144253932
-0.8271435825530913
-0.7822698849527995
-0.6577860920400369
-0.43102947632147975
-0.10354894681318332
0.21046603655754018
0.3519001488606715
0.38486544957119234
0.41643695863076896
0.48483208900021635
0.5167623946766675
0.5272181937897461
0.5446552015929569
0.5555416569095468
0.5472454393908279
0.5258298669319051
0.49663439773189716
0.4543745647816401
0.3975165068216088
0.3308033026661527
0.2559134495583622
0.17118091028090754
0.07994881040940116
-0.014097239303941737
-0.11019544114479289
-0.20785067069385008
-0.3052970065341082
-0.40178438871512917
-0.4982549427786872
-0.5908351491908456
-0.6739416965165845
-0.7435773215796734
-0.7928350314825167
-0.8106411604378058
-0.7774414982376495
-0.6654765872388564
-0.4477086266211702
-0.12135193110788914
0.1976023272989739
0.3443536597304395
0.3758108331047907
0.3980249662863525
0.4565967074182554
0.4829090804421084
0.4854291749254177
0.4938906539855393
0.499759430691163
0.49017465956720846
0.4658131762671395
0.4337611673998439
0.39110040175329186
0.33342707760092466
0.2658065664788546
0.19061243891132046
0.10676664599243196
0.01629007009051072
-0.07641306078891946
-0.17010210302484408
-0.26342708619381405
-0.3539728037841687
-0.43966504838683684
-0.5203443089981712
-0.593169849100411
-0.6515248312433815
-0.6885354493914807
-0.6908893233081039
-0.6445336173660883
-0.532457025269281
-0.3461188303335487
-0.09149899246074564
0.1596493656049347
0.2939767145940991
0.340025810770402
0.37805928222810004
0.43218839679868365
0.46256052411230164
0.4751339180032594
0.488886634865217
0.49823648559443096
0.4933687452679543
0.47732508686495007
0.45460538347624935
0.4218874478905297
0.3767421140728602
0.3223928294759036
0.25931793824401705
0.18686647393220746
0.10618314736051512
0.020001456950681784
-0.06884763436692812
-0.15943828550193245
-0.2509915987343849
-0.34234713472972805
-0.434267279258006
-0.5238612168798557
-0.6081623331231223
-0.6802382265403838
-0.7335857766944691
-0.7616185418503011
-0.7527900955238963
-0.6845062666255203
-0.5347754957832276
-0.2864071022953333
0.04270115417740455
0.2825316215274628
0.3514055359224172
0.3690548453898469
0.4219127794338154
0.46923091949312296
0.4758527154307433
0.48448063410854847
0.49616131778966405
0.49450295343794104
0.4745724858910887
0.4477783578721591
0.41277819334806404
0.3619018513661546
0.29996385578755774
0.22996988524761577
0.15074640393192007
0.06402306209276054
-0.026663877469799667
-0.11861948286090179
-0.2106160642620837
-0.3023158647036675
-0.39104197680728203
-0.4754470040474917
-0.5552779424832378
-0.626336127000903
-0.6803581901858471
-0.708822879417318
-0.6976609306356726
-0.6302361895507789
-0.4867738144189718
-0.27312051324937614
-0.012543939623379213
0.19738761623624548
0.2981242875088842
0.3413229934069518
0.38271811219296414
0.43711904519470707
0.46587391581073684
0.4848826915172557
0.5024322526451699
0.5124132611875184
0.5065721473588064
0.4898663155704219
0.4667621204728119
0.4324039954795488
0.38439432748800395
0.3283406702041538
0.26355723096787476
0.1908874367665589
0.11108808984164621
0.026712623233991775
-0.06132564187615629
-0.152052393369402
-0.24304787257080476
-0.3332118126060133
-0.4230205396911708
-0.5111121473173278
-0.5938636758542368
-0.6671887488675123
-0.7253434217892883
-0.7589064579189112
-0.7559585761775451
-0.7035160844683132
-0.5739587475886838
-0.3585791911455802
-0.06126565951579254
0.20922944747996725
0.33342313397327755
0.37110214264366936
0.40889691042731663
0.4685940841925394
0.49651856670984773
0.5097549371022443
0.5261257479665815
0.5353090965032834
0.5263783932786349
0.504600430109658
0.4770890652137367
0.43614931097449733
0.3819913083849399
0.3197216370772765
0.24976242356762757
0.17116905364067092
0.08610373590922954
-0.002947776069378183
-0.09410109462836655
-0.18650259850363782
-0.2795312576615908
-0.3716412743111931
-0.4625623259198596
-0.551038183979658
-0.6331790975008289
-0.7052616129741173
-0.7606422339287595
-0.7894814432485882
-0.7791633090311054
-0.7063471260424014
-0.5400800294444167
-0.2721268951690366
0.06539405849815597
0.2901121034739443
0.3582834083770532
0.36830282746617116
0.4112302650543028
0.46180293763131436
0.4694135698753946
0.47544059007260586
0.48544917673921695
0.48605567762488366
0.46949783361472025
0.44299240231327963
0.4086066782599938
0.36025181968382586
0.2987621856791034
0.22817283044603642
0.1498791522515539
0.06503991458807491
-0.025533343976952234
-0.11692226821317661
-0.20707899994043977
-0.2962119548696855
-0.38210515690646285
-0.4625185021427839
-0.5379583704585897
-0.6041799920099549
-0.6535478277091206
-0.6775208615690285
-0.665093565110985
-0.6036085028917375
-0.4756401976091779
-0.2857630865521498
-0.0478301123880171
0.16833367939374888
0.2816996638449116
0.3281054174041252
0.3717738375230279
0.42947854795635154
0.46444607807845056
0.4840449966914669
0.5017194116600193
0.5130217300121701
0.5103410982128973
0.49652020819696624
0.47583559122661934
0.44594638848754703
0.4026890540914659
0.34938590255570795
0.2894937315930109
0.21995808836767988
0.14196662712166677
0.05711014707037713
-0.03243889099719491
-0.12429204469120993
-0.21707594997906365
-0.30999096514057256
-0.4031793012194521
-0.49631080608037403
-0.5855910772332206
-0.6660220357557668
-0.7297294555079007
-0.7710767222375443
-0.7844137301405376
-0.7528883673692726
-0.6516122405755942
-0.46384405049702737
-0.160040533305857
0.17671650903405964
0.3454593014131408
0.37590248634245427
0.39961658975451625
0.46306580074703274
0.49564863215064914
0.5003101160247565
0.5144707673275518
0.5264403725666593
0.5186706123012995
0.4965878765708476
0.47000480441338016
0.4329586623199517
0.38215445176636165
0.32250113939286484
0.25572500057444897
0.1796475619453714
0.09643654016226985
0.00974611863330685
-0.07882591034091382
-0.16884794286615817
-0.25858281091267893
-0.3477092187625638
-0.43510718803650505
-0.5194326323019357
-0.598295839717768
-0.6664770451980877
-0.7172861312279661
-0.7428001805882569
-0.7316556155750669
-0.6726641021208392
-0.5491643493424859
-0.3533845756678776
-0.09381150462366086
0.16148077469629724
0.3016466869381115
0.34987398425354393
0.37889959795459593
0.4296405601737943
0.4616662542415475
0.47266967918580155
0.4825932861668424
0.4887568633252495
0.4811417719421393
0.4600138031682446
0.43110933769584947
0.39066538671458406
0.3366310400249242
0.272098406409974
0.19766959244719778
0.11549551831061786
0.027740720694355
-0.06294180486434818
-0.1544903938908354
-0.24474275445030758
-0.3322676234211374
-0.41481456996313404
-0.49128615118592295
-0.5584051713790023
-0.6117283362524287
-0.6432778643996067
-0.6448695506334294
-0.6069082645529886
-0.5166757690612037
-0.3704635778220099
-0.16091924672307223
0.08027191075969134
0.2498412491495225
0.31966648325279734
0.3596745466870269
0.4119103699995321
0.4536832585108511
0.4731260737517823
0.4880152914891105
0.5016442821035489
0.5037910155485292
0.4917644332971992
0.470311469351181
0.43944441669175954
0.39529178397501114
0.33991410344503653
0.2760427067000617
0.20373539472096597
0.1221076053906
0.03478606954030078
-0.05564851824585382
-0.14734574897504651
-0.2400731104618667
-0.3325353039566335
-0.4231021864354797
-0.5102449727474648
-0.592275242516373
-0.6652507038150435
-0.7248033918937574
-0.7643094786244965
-0.7700733581827546
-0.7243769785231458
-0.5984124654392362
-0.3777311093950296
-0.07543469901026907
0.2033335610478858
0.32397369008791843
0.3506010752462967
0.3689092122826935
0.41974622570719905
0.4463412646315443
0.4551036684797752
0.46907960716084685
0.4792935110807328
0.474095885831193
0.4565650944589963
0.43223581850839354
0.39976675969434367
0.3581449031532189
0.3071678792036396
0.24832700489987136
0.18195589247631228
0.10966068843325344
0.032676590746992557
-0.04705479433962031
-0.1282678458654107
-0.21021529935420036
-0.2910357899625484
-0.36931298404418206
-0.4443561963991265
-0.5134002105533308
-0.57360290848001
-0.6178612302834837
-0.6394663061567523
-0.6300329645988703
-0.5800188138579241
-0.4758664357062602
-0.3132282465577533
-0.09808461260750345
0.12282858929925711
0.2581094482481068
0.3132545910189288
0.35385892080080983
0.40366377050294433
0.43541018921131047
0.44752628023951724
0.4580513310774174
0.46441239402164486
0.45686814076311727
0.43548978346430595
0.4046752189816858
0.36355202000675696
0.3085921277931711
0.24394086850320867
0.1715192358481538
0.09225215105270708
0.006220381941956402
-0.08404315566513394
-0.17556061567756345
-0.26625911104676514
-0.3550186287176675
-0.44050623890314006
-0.5209963818450996
-0.5951776285764059
-0.6575931591172106
-0.70093660112601
-0.7126060467947724
-0.6736061060492747
-0.5600237385481281
-0.362293978566973
-0.09567785890027052
0.1652556695990084
0.2935904399716109
0.3193354704762079
0.349699710583796
0.40391240780387605
0.42692653813093195
0.4319331504582866
0.44352992376684164
0.44945908904669024
0.43821494206411316
0.4175183269714258
0.3925403898296828
0.36139768787997717
0.32319442233138723
0.27897932535566494
0.227282834570031
0.16716279785925908
0.10048153679611849
0.028952105959449418
-0.04669063503643407
-0.12492805391004064
-0.20213793648756426
-0.2765022482893986
-0.34700855093905175
-0.41379355288294994
-0.47535100858192625
-0.5253222129490489
-0.5588180066341195
-0.5712212920194137
-0.5526698593388031
-0.4958651285667901
-0.39720278402187154
-0.2522339337705558
-0.05654971324160672
0.14019898948326556
0.2545868441184072
0.30422546745875084
0.3535997239676069
0.40492080289261057
0.43338345725509936
0.4465225380115279
0.4597219710922306
0.46413522616633923
0.4535239568987047
0.4332421192522096
0.4059943947106546
0.3648226559528242
0.3100983171764578
0.24677489849561374
0.17535672246836903
0.09585777439937065
0.011231822027453736
-0.07729459825311463
-0.1677781999413281
-0.2581981675487501
-0.34655266307508614
-0.43141109081914214
-0.5125714439196883
-0.5888329506453235
-0.6549443125572468
-0.7032444494992751
-0.7239917320842405
-0.7028361910164128
-0.6220811001972479
-0.46435807241338856
-0.24104698717648926
0.018740552300063964
0.21683411671083064
0.2993964742155653
0.3320216588945513
0.37754194910484934
0.42203567266124437
0.4371071958708591
0.451877977442925
0.4679431226619709
0.4699014540812221
0.46031586327032803
0.4425014878738943
0.41613894107812094
0.3819575424227949
0.3377524494772485
0.2863885896644213
0.22765762122566474
0.1619295054134521
0.091038669782642
0.014749924547374622
-0.06632153608087087
-0.1497954172795354
-0.23264275140633073
-0.315111932578503
-0.39663023700881606
-0.4762700549851214
-0.5509753016573302
-0.6151819318797669
-0.663496993630077
-0.6876134556969504
-0.6743599603746454
-0.6011585345224941
-0.45926728588714233
-0.23846616068893278
0.03805685280534879
0.2420033845268953
0.3128352584398829
0.3342121531603053
0.3787849486315596
0.42259386252690934
0.43455468560235655
0.4446130381106444
0.4598441542379452
0.4642867362673259
0.4522116788891073
0.4304023002950234
0.4020947578379459
0.36337663902260586
0.31247384089674046
0.25239396817169585
0.1873522656692459
0.11358771551848379
0.034184319822578135
-0.048354034998174915
-0.13287655563059694
-0.21706575118120253
-0.29985094385111605
-0.3796068149563578
-0.4559265404543894
-0.5288191477418852
-0.5937086202386238
-0.6439069699927076
-0.6725553332573937
-0.6683761193173247
-0.6176825979200941
-0.501080185923244
-0.3162007399981366
-0.06659074096814237
0.17695048753767
0.29506227084266623
0.3298785677294161
0.3752274740874335
0.43730679731643124
0.46721022063108314
0.4832859661566785
0.504495761376605
0.5161785496625555
0.5112194219063532
0.49650592927556714
0.4757656930690717
0.445012763359127
0.4034856998126922
0.35333451112460185
0.2951357839394341
0.22932348413719073
0.15729086225502584
0.0797423315401222
-0.001967430099492188
-0.0865271581224713
-0.1725908508352803
-0.2588346062830112
-0.3456169967285069
-0.43276529029182315
-0.5195763479220111
-0.6025770450857725
-0.6768748615061387
-0.7370712608521842
-0.7754058943965906
-0.7808321485568608
-0.7359479143067581
-0.6023535926324071
-0.3682240913198858
-0.01844119618797017
0.2767804264060698
0.3688484127794578
0.36713433571055665
0.40355342574910535
0.4655823364891154
0.47341280222041193
0.4707122591890998
0.4808287035386213
0.47947764544762206
0.4559101711000852
0.4229605521491894
0.38169292515849684
0.32730114575106783
0.2588243860166895
0.18320354712480943
0.10280746978861756
0.0153748662963243
-0.07438988620797617
-0.16395086145576016
-0.2512797914710433
-0.33438664214578806
-0.41215456255613253
-0.4842682237624011
-0.5501711122851511
-0.6050700286559827
-0.6407122247418322
-0.6481964783416669
-0.6137188132170921
-0.5188227961591471
-0.35774016321347085
-0.1382458316462912
0.09686513635524381
0.24512166023425572
0.2925979691872842
0.32458021544412086
0.3771076440116349
0.40851397299130776
0.41892914572897183
0.43350686835544994
0.44401224666731487
0.44035710179135823
0.427881636407184
0.41034498323744223
0.3852095634177679
0.352815437947597
0.31302380632170274
0.26624798958877083
0.21186414231200498
0.15040037958304692
0.08245165792933506
0.006932379607673095
-0.07368709704007079
-0.15731852243879707
-0.24264829035244953
-0.32729177483878574
-0.41060917135739305
-0.492128292041316
-0.5688550083688149
-0.6381201631014602
-0.6921852206445887
-0.7189192329478441
-0.7019253191096787
-0.6062706581697178
-0.4102298465686818
-0.12360817352478876
0.17035323312692552
0.3029854136516104
0.31751803839626963
0.3404337155230074
0.39767351800366235
0.4212901089769412
0.42366295140636245
0.4379872671089387
0.44624773492459235
0.4375647354574067
0.4206346707296811
0.39979220267086596
0.37211125683535723
0.33703129235107104
0.29477983053766155
0.24561509016050592
0.1869170836789021
0.1206412291127952
0.0488686935577215
-0.027697005462795833
-0.10728136507566345
-0.18735420588701562
-0.2654586576843338
-0.3426942960143347
-0.4205525946784976
-0.49629969470680735
-0.5653793356325938
-0.6216495365744511
-0.6576754255072152
-0.6620200710312437
-0.6194243116641024
-0.5160884204527721
-0.34466361356215025
-0.08945932215992515
0.16612636217935658
0.29495735381532995
0.32932316666190947
0.3681656717810379
0.4250604357438503
0.4544463882745932
0.46336527222426593
0.47710139618045233
0.48632981239827194
0.4800156108508319
0.4624856177835371
0.4393280419163643
0.40615154895035066
0.3594132335377304
0.3027664405576924
0.2399984010609031
0.1682976225800985
0.08949238979976198
0.007072029868559163
-0.07859690636792394
-0.16588162339404283
-0.25295831030024696
-0.3391564244242761
-0.4237006432952429
-0.5052512715156598
-0.5826216782126117
-0.6509480310296181
-0.7039689622760167
-0.734138591535918
-0.7314067472094413
-0.6835375536616202
-0.5715756357059665
-0.3878150216320622
-0.1334590273749943
0.13449187506210036
0.2916750831006154
0.3394142876843249
0.38213336059587183
0.44538033213756534
0.47827373355180824
0.4887838476387404
0.5008908783561307
0.5066166627650899
0.4953423182860715
0.47404132635169616
0.44758148801259534
0.41050730155552495
0.3619570520250605
0.3053374367634284
0.24043207440912115
0.1679264845604104
0.08942054534674232
0.007520341667458488
-0.07572534989198033
-0.15850337603874667
-0.23944988012270363
-0.3188465255088689
-0.396469574873769
-0.47234583032419636
-0.54317903034493
-0.6016397424259142
-0.6425212342760467
-0.6624991273037483
-0.6494615924648542
-0.5903610974014816
-0.4703386888281993
-0.2652906056443783
0.011822740387533526
0.22995691732124524
0.3109581606920369
0.3482878885881588
0.40791001500047236
0.45730234410622
0.47723735612700957
0.49384285599225763
0.5099735399901071
0.5120141754536711
0.4989603770758564
0.4791938353803384
0.44860051609038043
0.4044605346723445
0.34885243046118813
0.28474587490447084
0.21250674701598796
0.13197048890849206
0.04560192295630852
-0.04506488578385242
-0.138502471480727
-0.23271923485410537
-0.32703251280459633
-0.4203789752219182
-0.5098757312256988
-0.5934300831816042
-0.6702143026415012
-0.7358537522153842
-0.7806446171082185
-0.7931340711885209
-0.7577507729954515
-0.6497269348043228
-0.444105797250678
-0.1484046624361369
0.15477957412408985
0.31477919057336035
0.36168088840487134
0.38249817973623734
0.4399915426744821
0.48603094649094175
0.5032241675149997
0.5217563732504324
0.5381525130151674
0.5396003571129341
0.5254310625148272
0.5033170508558276
0.4705558289782783
0.4245277040263498
0.3669556257801567
0.29973249350765263
0.22262010633939866
0.13819519519134585
0.04785029120994073
-0.04808280551668895
-0.14765143485840526
-0.24658137990289541
-0.3442404973737342
-0.44121465658315173
-0.5377177510243022
-0.6295331654946371
-0.7130645331399673
-0.7831050924032105
-0.8290516069448044
-0.8390750703443705
-0.781910323250986
-0.6155787042218743
-0.30492477919144884
0.0994296320573744
0.3373802481513715
0.3788241471557524
0.36390903748568004
0.40647034360304857
0.45845721481458157
0.46139273450312634
0.4704481881323663
0.4879745993093548
0.49136362171715814
0.47380001981145264
0.4492082936166002
0.41885319078187694
0.3751490036528482
0.31999265028200735
0.2596677916347629
0.18983335593043887
0.11229425066113434
0.030704267035457335
-0.05503465869780611
-0.14309437955061757
-0.2304011445518067
-0.31583525320752726
-0.3983695535731059
-0.4770830399392896
-0.5516096409953569
-0.6195937638495587
-0.6748191803743814
-0.7096053072656338
-0.7116572970691194
-0.6640485235796633
-0.5420343030145706
-0.3343784277207926
-0.053139109964013394
0.2026318107910022
0.3083909925849065
0.33076011489644463
0.36952303882771415
0.4296511908355457
0.454829488694512
0.46846896422607864
0.4906756904283464
0.5050432833705369
0.5016510522527158
0.4888733410984632
0.4701794761661466
0.44189335500036775
0.40334228756488827
0.35455746919061615
0.2977369691634667
0.23186515290376106
0.15638880245401696
0.07508905551344185
-0.011889663860562635
-0.10259430401434334
-0.19392296547393786
-0.2847788568512084
-0.3749205067596457
-0.4655964070317341
-0.5541295280370702
-0.6377354723272556
-0.7109496080303513
-0.7635383357981765
-0.7894030972802212
-0.7706527669802878
-0.6780589864987945
-0.4931400388187963
-0.19106414087802143
0.1537445153127971
0.3327512952444805
0.36421543668418493
0.38452096687673337
0.4480879466606952
0.48528616105347816
0.49259849844797643
0.5073804085074977
0.5199967581419247
0.513876605681182
0.4939772871558804
0.4710426741011783
0.43681558142781834
0.38948945622806336
0.3357742074278196
0.2736174516263425
0.20186126969246934
0.12451914203940792
0.04411721577096214
-0.038355410285880374
-0.12160360756192273
-0.20440277875759416
-0.28676652534418673
-0.3685567669976148
-0.4487020292990117
-0.5266380584648453
-0.5999510817314723
-0.6643837642337026
-0.7142316153749309
-0.7418291438252378
-0.7388592696835709
-0.6924863616033698
-0.5818462725061574
-0.39387439722697093
-0.12809443801231452
0.15002744079986768
0.3007407171339748
0.3470500954236462
0.3871748830674017
0.4541271501534878
0.4948704628827926
0.5123969111898217
0.533889416390048
0.5505850946533505
0.5503516368818643
0.5389597738814779
0.5215599494115248
0.49447785510276077
0.45810385972780954
0.4147791102138624
0.3647083461394061
0.307653313962373
0.24483233547723401
0.1778367161169495
0.10568748462469944
0.029135619359225644
-0.05012620269317565
-0.1307515454427295
-0.21192762561692227
-0.2937124956691687
-0.37690278643561964
-0.46098710737784937
-0.543653591416996
-0.6238790719513774
-0.6956274335487321
-0.7531870423162218
-0.7883785521231533
-0.7927642969641764
-0.7478098518853368
-0.619355773597264
-0.3693798570263978
0.01580707990730859
0.3170006979476466
0.38524550041318806
0.37585550114279775
0.4223400724203709
0.4816633563070388
0.4832001198142138
0.48713810690099235
0.5031784331374726
0.5061748515132515
0.48959912443260456
0.4668011424995068
0.43765059729666317
0.3948231990772957
0.3401562032915358
0.27937006624167593
0.21203010375598652
0.13716411499279016
0.05890963933143812
-0.019834294629022753
-0.09931650854894719
-0.1790225945057575
-0.2565863531371585
-0.33132914315125434
-0.4046276591717412
-0.47428575098378123
-0.5355431238539367
-0.5826360915178863
-0.6109229116063808
-0.6142821077158863
-0.5858679734132285
-0.5170518198293972
-0.40441865421354245
-0.2381788449068368
-0.018375115259195662
0.17771590001222853
0.27961920630478254
0.3323180354662448
0.3928162912046539
0.44842608778798154
0.47886244980340636
0.50275888730115