0.04281580076796442
0.041987273557388
0.04114961960438363
0.04021589531926166
0.039343672465199965
0.038613216175636136
0.037667265552755055
0.03675017487926378
0.035917205588234635
0.03510352921623183
0.03432339199730542
0.03352438476692593
0.032695923208748534
0.03183064105300227
0.031039195741320247
0.03020806379253925
0.02944787950070702
0.028722473669174298
0.02793712902770249
0.027123239234185748
0.026355379833095056
0.025664238108080786
0.024917686793171606
0.02417498474671083
0.023503234076444154
0.02273451186355653
0.021941790385615
0.021244826443697948
0.020515606598527386
0.019692097889959403
0.018897741939667992
0.018101350402324273
0.017258590089717543
0.01650639876481018
0.015833100356699673
0.015138975722218923
0.014507425018949832
0.01389084006428394
0.013210217324592113
0.012582032289519235
0.011925290890596643
0.011172467905216865
0.010573917178405987
0.010131793337614131
0.009650549668524341
0.008984312867339847
0.008360634871988987
0.007876382041482444
0.007488552780334168
0.007112468631912353
0.006527880193754956
0.00592484390063433
0.005390452483614416
0.00485519783402262
0.004360420696400788
0.003991264585489693
0.003688189729882399
0.003333510545245791
0.0029589127595808784
0.0025808000790545765
0.002215882678875833
0.001816922054534445
0.0014735909956250237
0.0012074875714478406
0.0010180884752478414
8.892387556229536E-4
6.544306056827376E-4
5.275716745931358E-4
4.545965470844765E-4
2.2971722168646513E-4
2.963106960519879E-5
-7.993428380362322E-5
-1.0188048921837278E-4
-7.180461584140041E-5
-8.065767225406972E-5
-3.174485466439503E-5
6.589129940556826E-5
1.8687109085405162E-4
2.597928608787381E-4
2.2436592045392556E-4
1.3977956869518082E-4
9.822500123271571E-5
2.6884048844100228E-5
-3.3354236048027674E-5
-8.672058565140084E-5
-1.4112365273338812E-4
-1.814210589994869E-4
-1.503414048129592E-4
-1.3200627352605299E-5
3.177669327716903E-5
-3.8314014547402575E-5
-5.675249917655445E-5
-1.1836268518716775E-4
-1.5419143693798376E-4
-7.330805300348464E-5
-9.60340826621775E-5
-1.8595606299739997E-4
-2.318989087471135E-4
-1.876867986227715E-4
-1.0539497677089504E-4
-4.9287080574444975E-5
-8.218531198325718E-5
-1.7291494757240566E-4
-1.9684775369011032E-4
-1.6776892866524062E-4
-1.7978884123590055E-4
-1.4244462232573807E-4
-1.0916639402436257E-4
-1.1716922314372602E-4
-1.8001677397250226E-4
-1.7243917317474877E-4
-7.146605787916593E-5
-1.671488968368884E-5
8.993211338065299E-5
1.8946090904950474E-4
1.4849225712765257E-4
1.0736866508662124E-4
4.732403861612555E-5
-3.061136117921137E-6
1.34513711066514E-4
2.4771460401890044E-4
1.6750772229037758E-4
2.974255155959449E-4
3.7221431895204105E-4
3.945393018062182E-4
5.698490667049583E-4
5.305266741002235E-4
3.7445347234874027E-4
2.7997040146798824E-4
2.447546740342865E-4
2.3721621393749115E-4
2.2999252082450683E-4
2.1211010456562152E-4
1.751641372945978E-4
1.6704395751138135E-4
1.0350102476017198E-4
-3.8670697957571276E-5
-5.7673232813082453E-5
-8.289527604010694E-5
-1.547198130661953E-4
-1.9698922745728376E-4
-2.549148174638971E-4
-2.3176787065407045E-4
-1.8806036012944394E-4
-2.677393814675688E-4
-3.990077436719919E-4
-3.623959745671923E-4
-2.7482596991992847E-4
-3.586262675278895E-4
-5.396473873692242E-4
-6.196284018355758E-4
-5.945419858851275E-4
-5.803409836767914E-4
-6.13690828817709E-4
-6.033329319823921E-4
-5.807454416213442E-4
-5.649398203280975E-4
-5.035349488269891E-4
-4.313594541181798E-4
-3.419662672759227E-4
-3.1556787995470903E-4
-2.977496188412976E-4
-2.0797463531360694E-4
-1.5214957065765033E-4
-7.07105896566862E-5
-1.7549446996167894E-5
5.654201466898101E-5
7.835066642991606E-5
-2.223935077017014E-5
-1.6230598326100187E-4
-2.8664819150631127E-4
-2.962261120005305E-4
-2.8597955343018233E-4
-3.0146381539530864E-4
-2.3822878149948323E-4
-9.534874996425247E-5
2.55009135119999E-5
1.1776429164944702E-5
-6.949165395891965E-5
-8.354876449939708E-5
-3.285491637045057E-5
-2.413261489353502E-5
-3.893928317594275E-5
-3.620499610657024E-5
-1.6343049517464348E-4
-2.2776245680150575E-4
-1.942474896058366E-4
-1.8603299990438416E-4
-1.803764382820039E-4
-2.0225235494186755E-4
-2.594894398713077E-4
-2.353596019181725E-4
-1.537819175667643E-4
-1.7405584254104323E-4
-2.163243671725601E-4
-2.836992450260811E-4
-2.981830370524796E-4
-2.959728817119034E-4
-3.322726150528643E-4
-3.6217405957972293E-4
-3.015675261835993E-4
-2.018979130121168E-4
-1.446678492884601E-4
-1.19906973697681E-4
-1.3947346631837387E-4
-1.0903111585891523E-4
-7.515812059399885E-5
-6.668678593430011E-5
-3.996494014596452E-5
7.3942298644547044E-6
1.0524508773812613E-5
5.144577124588379E-5
1.1200083076645662E-4
6.916040133481127E-5
1.0557011416056916E-5
2.7869200296071206E-5
7.867555841978291E-5
1.0981843894625198E-4
1.536439246544452E-4
1.7663193054673343E-4
1.351583582300253E-4
9.770070359038652E-5
1.1718893535378472E-4
1.5163899655384894E-4
2.4530681542783705E-4
3.137188131040469E-4
3.135422960020007E-4
2.728073233730366E-4
2.1646153167365068E-4
1.8550309921361308E-4
1.8513445745810264E-4
1.3406468487492385E-4
1.0006898835307476E-4
4.7091695821455115E-5
5.217175652083572E-5
9.943283727414931E-5
5.996574711092384E-5
7.287105873116095E-5
-4.8089548354945943E-5
2.806085226292332E-5
1.4595139650963596E-4
1.6034777337192718E-5
-4.370112703316886E-5
-5.20316737198101E-5
-5.951487452615645E-5
-5.617185287415394E-5
-3.485442647410686E-5
-2.5704690047589906E-5
4.26723342161206E-5
1.1409699481512714E-4
1.332656726172332E-4
5.9930497939952865E-5
3.87999534818273E-5
1.1699344624543917E-4
1.1820400421808097E-4
1.0973916212958512E-4
5.6247163744527207E-5
-9.546786239239546E-5
-1.748853775969117E-4
-1.6079770270088778E-4
-7.595641249152907E-5
-2.9554221591121532E-6
3.795592091104805E-5
4.43221529293214E-5
7.310915749941804E-5
2.0871593627902474E-4
2.2254416012190692E-4
2.6278253729267176E-4
2.902758084046275E-4
1.69374097539865E-4
1.9232834129345733E-4
3.0350802785433784E-4
4.286490449466607E-4
4.882218758344159E-4
4.786807549092553E-4
4.273396219751091E-4
3.5493405732700545E-4
3.951085533305809E-4
3.9167733925055126E-4
3.6935265137955087E-4
4.1411712067207507E-4
3.6343219949930283E-4
2.3280912998413505E-4
1.547139095459671E-4
9.804952363751118E-5
3.588261648546087E-5
4.5798486168424635E-5
1.8244934628319776E-5
1.9722986763004435E-5
7.360033183423376E-5
1.327864702745929E-4
4.272772569235972E-5
-1.261719456211452E-4
-8.439511727870164E-5
4.5671293582849604E-5
5.7174954990135696E-5
1.2824410192457947E-5
-4.653043349445163E-5
-1.0089360338033648E-4
-1.0552688307186031E-4
-1.2657605540239425E-4
-7.623727134364877E-5
4.5033532199201254E-5
8.70769652520087E-5
6.105689748969745E-5
4.780658543901417E-5
1.9781680642094734E-5
-7.55563291709449E-5
-1.9443910317284985E-4
-1.8993863881411333E-4
-2.0298311306177208E-5
1.3318304400800063E-4
1.6782948690469146E-4
1.8432425639169914E-4
2.560555536511022E-4
2.464616445631562E-4
2.4025740417132901E-4
1.6370694966616472E-4
-3.2691998946121625E-5
-1.5222672935338855E-4
-8.911703752306765E-5
-8.852781890389405E-6
-6.080945033148932E-5
-9.718199974156905E-5
-5.664073935052194E-5
2.0610678243548897E-6
4.129474987002446E-5
4.0872571131889135E-5
4.526177909391915E-5
-2.817580467207037E-5
-6.190510421949513E-5
-2.5585637865366273E-5
5.619661857192426E-6
-1.9161942216294747E-5
-8.209907878620193E-5
-6.113258246609465E-5
-2.3813730036237324E-5
-1.4684749451476797E-4
-1.9073271873915054E-4
-1.8687291320118593E-4
-3.300528274978731E-4
-4.191630441825467E-4
-2.4091593778807763E-4
-1.2871466644925889E-4
-2.1248043331179023E-4
-3.225990467969897E-4
-3.591609910523763E-4
-3.664834244643256E-4
-3.4557633147092037E-4
-2.6502010924966957E-4
-2.550719418789038E-4
-2.6801030354206556E-4
-2.874661054232952E-4
-2.0606848195370286E-4
-1.4285703188077203E-4
-7.238362563943834E-5
-1.4616673477907405E-5
-7.475627550534991E-5
-1.2314560697457289E-4
-3.396945171729726E-5
5.636023219890429E-5
6.909292942336442E-6
9.528858759677572E-5
1.6595480751258052E-4
1.9682597998116336E-6
-1.3312230606210562E-4
-1.4301114733983322E-4
-7.756115307311351E-5
-5.2439855846242445E-5
-2.173053513743195E-5
5.9966620074569654E-5
1.0985538410812623E-4
1.4181036616323084E-4
1.569730484591858E-4
8.561306899568244E-5
7.605317961634217E-5
1.1696241796232965E-4
1.5383825633585868E-4
1.6882148213437365E-4
9.113278286698723E-5
4.3927384914210776E-5
4.041412338073869E-5
-2.867545439189101E-5
-3.429476507177398E-5
-1.1582420388500658E-4
-2.0422171544798307E-4
-1.6832453932902336E-4
-2.343476621001761E-4
-1.7843024571240207E-4
8.647163230901533E-6
1.8951694112423478E-4
4.034291514932731E-4
5.109554389410853E-4
5.604044915107353E-4
5.478201814632655E-4
5.130771177329629E-4
4.828333962116904E-4
3.791049083445852E-4
4.129154655153622E-4
5.138506181070479E-4
4.665874339323528E-4
4.3599350204648335E-4
3.9630910583110524E-4
3.811227474949108E-4
4.40862870165426E-4
5.200927170802006E-4
5.160188790286346E-4
4.0408155039961535E-4
3.4932209612970055E-4
3.1959642320400494E-4
2.9914752626603036E-4
2.933220015832738E-4
2.5713607264687965E-4
2.2888645997543033E-4
2.528374777340803E-4
3.1166661982251487E-4
3.545406137074325E-4
3.425095605711359E-4
2.8420945294849176E-4
2.394576861084463E-4
7.670742638232753E-5
-1.3435771133585295E-4
-2.666862342931564E-4
-3.6479919322918164E-4
-5.493253225189454E-4
-7.494085560169061E-4
-9.523404535892732E-4
-0.0012522494532027917
-0.0015758073758195268
-0.0020642602620948303
-0.002651856228980898
-0.0033027311377092916
-0.004031183708116726
-0.004866726361759777
-0.005824682912612178
-0.006789895242764854
-0.007871856413729894
-0.009162177203409949
-0.010583983668656316
-0.01201810819061433
-0.013562507833244308
-0.015362595697401615
-0.017331370333077634
-0.019325273462655113
-0.02144295445501765
-0.023623641526439032
-0.025928417002632154
-0.028483412176926737
-0.0311282421310628
-0.033663694059510085
-0.036229752885572175
-0.03910687907644894
-0.04207739391579879
-0.044976681987720424
-0.04790018102850513
-0.050770378274663575
-0.05353919284871722
-0.05637950537300862
-0.05931503358232526
-0.062052872462468045
-0.06449206184613587
-0.06692967135610983
-0.06931217093001019
-0.07148169010942218
-0.07348927905044444
-0.07540858690154317
-0.07720047602435076
-0.07870650010295888
-0.07998102315631361
-0.08100398250056207
-0.08162625765419862
-0.08183835976559772
-0.08169670719826028
-0.081248279187353
-0.08044743392654874
-0.07918603825172421
-0.0772872967996785
-0.07527880311490609
-0.073370573396485
-0.0708612282645531
-0.06788954694863802
-0.06503324147325307
-0.06215297046165702
-0.05962070476490988
-0.058412243588048196
-0.056134343136049814
-0.05190745841532385
-0.049117648170448946
-0.04689477458543989
-0.04076164851756259
-0.02875906836775821
-0.01590575165146224
-0.005798048307502968
0.0029295032597330684
0.01124963438767268
0.020457303830810014
0.031204728666481607
0.0440957844296751
0.05891498601964029
0.07524516392558644
0.09467266856696444
0.11911520546753984
0.14851980876829862
0.1823887160051897
0.22115522816144267
0.26474575081122476
0.31289900022056116
0.36655934525607436
0.42129649929035323
0.4637560766065553
0.4833461573020341
0.48444450937968847
0.47888616929385164
0.4730184883894032
0.4697563180294386
0.4705347980553139
0.4735062364645074
0.47472571962749494
0.47078951013423087
0.4614605562566094
0.44845935422793015
0.4328459171354828
0.4136783586333977
0.3888856591400848
0.3568486984679339
0.317025819685608
0.2711389047305597
0.22150406736931672
0.1694180311985347
0.11528572853908203
0.05989846974590385
0.0036534552951875687
-0.05496152389416131
-0.11812241035632465
-0.18801528566101777
-0.2651524570566862
-0.34784347696602036
-0.433790108785001
-0.5208102010640051
-0.6083522703471621
-0.6969612150144521
-0.7874583451571058
-0.880103882396669
-0.9722668152989421
-1.0620910005080886
-1.1587718342667293
-1.2589565511688305
-1.3812434692814166
-1.494916590426191
-1.5862780149668136
-1.1281858511995342
-0.3255558368293985
-0.04636757446569417
0.03166672665106007
0.09013062502411251
0.15003228641523048
0.25018875525850814
0.29694304535631544
0.33008950994383435
0.36889123342670327
0.4183483611884556
0.46860224594700045
0.5340520231116079
0.6346183503645642
0.7596188561134022
0.8723285770889018
0.9475297984874331
0.9827455517524698
0.9850637364073573
0.9643757288585005
0.9352996508021464
0.9124508362173609
0.8975436254283669
0.8821583712752243
0.8609952279006043
0.8330775754165368
0.799595558791286
0.7621481155258738
0.7189133402682563
0.6664420853211305
0.6040352445661872
0.5347288669893702
0.46297101488278136
0.3911299863541061
0.3187590372163309
0.2435557869778323
0.16264339128628436
0.07460978366129511
-0.018839401964079183
-0.11443044411050107
-0.20992869264168879
-0.30464325290400773
-0.39881551881414024
-0.4935252013411511
-0.5897950017730285
-0.6876958277468044
-0.7883802976676693
-0.8971433260601602
-1.0200696612426643
-1.1534895272306704
-1.2986059995133776
-1.4273403953213284
-1.5588755348910635
-1.6498511602388135
-1.754710720418489
-1.3340978681801912
-0.4206540157111627
-0.31521625839936074
-0.46637817708009854
-0.26302049975574304
0.00801474399891644
0.1454966795074113
0.17265733152686713
0.291223119994261
0.463233944277478
0.6207981392990254
0.7848102083824078
1.0061791533405589
1.2418583428203336
1.3751023856669107
1.3709202446240707
1.3022794817908867
1.2510037566543653
1.2475108963635144
1.2674868492306475
1.2786462616901506
1.2711202208384447
1.2528290811537173
1.2250926916167422
1.1827167742654818
1.1244190424412959
1.0525834844214554
0.9690414885353167
0.8749218055084562
0.7722417458387286
0.6645546591960663
0.5542690962142329
0.44026326156221574
0.3204136423985833
0.194895440355775
0.06741858624138986
-0.057682985516700924
-0.17790265879531608
-0.29262558440984954
-0.4026239670412719
-0.5091417597097885
-0.6143103994966257
-0.7188436480845892
-0.8214408324966143
-0.9187939090338202
-1.0067514055309341
-1.0854830961553863
-1.1586371372109356
-1.2279706278314912
-1.3013949628900305
-1.3888849850814693
-1.4945621643072315
-1.6041867390616291
-1.7095930347930586
-1.7263975545091084
-0.9579922191611812
-0.35819815688423695
-0.24493361922472534
-0.21340155477983114
-0.29108433686183544
-0.21740925189078064
0.0034135218579844917
0.2156584914448052
0.37380242486031534
0.543553116609933
0.7737617276955544
1.0185790489734665
1.1591147974291023
1.1601856204814367
1.095370980161899
1.0547417943007311
1.0746155844664171
1.1165242545559186
1.131947786142112
1.1176882078922972
1.0971465375856702
1.079866693799615
1.055163481669837
1.0117238338193435
0.9480677060150855
0.8683411389272855
0.7770968345581628
0.6781532473633001
0.57499303239184
0.46960679937196215
0.3624234632483212
0.2542962298489897
0.14668258272349632
0.04109384317436371
-0.06202025509927589
-0.16353266706490954
-0.2639331163829892
-0.3629174967351547
-0.46047485930793286
-0.5567498819995311
-0.6519339524539913
-0.7463872726887462
-0.8397136554451414
-0.9318848802714754
-1.0240067368833166
-1.1181799081226376
-1.216618468124917
-1.318706365945768
-1.425439648114105
-1.5394914859226203
-1.6333754322556593
-1.7243990625364933
-1.7663309870554182
-1.7919985928164395
-1.0485688832572397
-0.333232148102125
-0.48388900741629426
-0.4267260035169951
-0.315134781211559
-0.19499620412416263
0.01678390303472188
0.24125265680306418
0.4878935389079988
0.7153204584296531
0.933045330594005
1.0720264057553908
1.076001932785787
1.0170215337302206
1.0040768698600897
1.059601237232814
1.1186466969672173
1.140989558878772
1.143312608847554
1.1387450356200008
1.12278330425687
1.0913397711895958
1.0474873974585308
0.9961039018206579
0.9373428911097883
0.869192512667031
0.7921952558814325
0.7076557182535064
0.6156848908101202
0.5175874534007563
0.41555428255250426
0.3113169955950803
0.20612022777907413
0.10052112952928116
-0.0038830819552293505
-0.1048944128113094
-0.20169322371302734
-0.296141436967722
-0.39050890843547403
-0.48460367382048464
-0.5771068456635682
-0.667705714462361
-0.7569503818080463
-0.8447026029687237
-0.9297228330401595
-1.0133016459912092
-1.1021098332324435
-1.2033673744173559
-1.3162837536232725
-1.444363296658529
-1.5574894150080363
-1.6724545481163648
-1.740906012432423
-1.837053517985371
-1.4578360611856835
-0.5387212520807845
-0.12178084492117147
-0.11269683927803165
-0.2564019511345075
-0.32350666511688075
-0.1347243865970542
0.06997856213224019
0.19832780371761505
0.3127679332270503
0.47387558023238263
0.7025066177571251
0.9333322382094877
1.0374009490607485
1.0023384863078642
0.9141844438533235
0.8601398432281764
0.8711423654675716
0.9132668639147541
0.9421756029391473
0.9439225465490511
0.9291597569963601
0.9095698079091612
0.8880269309515576
0.8598585570713135
0.8179844340418425
0.7593430407824853
0.6856933320374976
0.6010530683375945
0.5107844170156612
0.4192113780633768
0.32755477221981444
0.23516913072134482
0.1410418063329404
0.04499027421134194
-0.05193388093426954
-0.1482017160185869
-0.2430623308613864
-0.3366666156103548
-0.4298224345272459
-0.5232476652831384
-0.6169045654880758
-0.7112489959266348
-0.8066588725562163
-0.9026173178968646
-0.9992942357472838
-1.1003039695037327
-1.2108404395468382
-1.3288210839755452
-1.4451726596230765
-1.5582557973067184
-1.6459446838573362
-1.7240300647886588
-1.7618550431173663
-1.785326353550082
-1.155980769656912
-0.2950801299230559
-0.38797334192207256
-0.4576862747524517
-0.34924592444663993
-0.2234119324856847
0.007637125034979597
0.18673154010513215
0.3485367762754876
0.4999813428391713
0.679663033683779
0.8881612344537011
1.066553010896512
1.1295345565028034
1.0907062038777555
1.038176849965125
1.0383657406831537
1.0814474581952886
1.1226412610702958
1.1432847807968107
1.1452300420449522
1.1290830499370577
1.0942910831136503
1.0455925976728047
0.9888080464317683
0.9243625845757775
0.8487595696422714
0.7617654605009125
0.6673703489091682
0.5692503932367705
0.46766599587746693
0.3615927744485612
0.2528368066303246
0.14466436471436062
0.038278483371826155
-0.06761108941717087
-0.1749115957782914
-0.28471637401097905
-0.39639162260160266
-0.5083567463635124
-0.6200702945847087
-0.7315058178365366
-0.8423218384929783
-0.9504809451729308
-1.053983065027305
-1.1539909145953606
-1.2537046080905059
-1.3570263941123581
-1.4673063942230478
-1.5826171310981252
-1.7071022098374264
-1.8184928778586444
-1.9281216340722898
-2.0005713476594673
-2.091278503373636
-1.915789354100979
-0.6662712062700153
0.04380537591872802
-0.01880049835706643
0.054144969101074025
-0.01380616007873936
0.08336290101359545
0.2407424388958317
0.39295289771398245
0.4946853450254416
0.5813020279888654
0.6949615718043045
0.8648833955613906
1.04714427685684
1.1491481299839448
1.1460058585386763
1.0900297368814984
1.0478251392632494
1.0476584708561862
1.072853001307558
1.0904228944673946
1.0822797908843445
1.049835227432915
1.001632239040572
0.9453420126196521
0.8855669845696239
0.8237136742437876
0.7597724013946721
0.6950277561136611
0.629462876677767
0.5605679412944173
0.48626542981268894
0.4066525192731847
0.3238729780524272
0.24048438796538285
0.15912033666792968
0.08072050177502188
0.003020600769788828
-0.07653885392041548
-0.15908791301987524
-0.2445871190351152
-0.33207632732727
-0.4198321454012657
-0.5072976337549022
-0.5962965862973055
-0.6887150829436228
-0.7840017106406183
-0.8792942040915603
-0.9753468243960937
-1.0789971733272639
-1.1942552469275682
-1.3270645149429932
-1.4496017412740612
-1.5746702614078334
-1.6578697055590919
-1.7422025846614257
-1.2457324890411723
-0.35306799146898005
-0.292109663576948
-0.3113441769145773
-0.16911060664071265
-0.0894636760408174
0.052912598443589864
0.16385503705563753
0.2738187271511041
0.36250222467308557
0.46524599811835987
0.607970439756234
0.8127078913239592
1.0369436183403318
1.165325517331457
1.1562735151794854
1.0833310767251243
1.037214454273843
1.0474687027964622
1.083072374675547
1.104689015654401
1.103522580021055
1.0924631253154642
1.0755746720168347
1.044562841340536
0.9953708077899588
0.933153960602378
0.8629337518897549
0.7875766378600995
0.7075895267737549
0.6202948837840205
0.5249067590876724
0.4244631910042109
0.32245182531081973
0.22211445134676566
0.12574140608549378
0.0320723392778266
-0.061787293938069254
-0.1568976258458914
-0.25319729189679485
-0.3497497640191085
-0.4442520419426952
-0.5354504042946857
-0.6238475306406155
-0.7110534635665449
-0.7990365577293108
-0.8898883187874667
-0.9878948731410997
-1.0952043212189295
-1.214814100641453
-1.34313831786619
-1.4766986602279477
-1.6015308944080253
-1.718171535790722
-1.7247554196369475
-0.9927480752381257
-0.1546790024191207
-0.056707360620247727
-0.22916963753063335
-0.4340598133926825
-0.34113703095584924
-0.07636849514407551
0.051683740981911086
0.09570375149016819
0.15512505112172015
0.24399193852477552
0.39172685956400066
0.5827572849453677
0.735004246233868
0.7809943900418794
0.7331115026291037
0.6701741924556135
0.6549001415253457
0.6813995380578532
0.7071954826099223
0.7082710788905082
0.6900018429513946
0.6663589201319393
0.6442140165090144
0.6237501782164898
0.6020277089187669
0.5768589445816001
0.5496795325081685
0.5224623971357438
0.4924359606372466
0.45405701603728765
0.40507953951755127
0.3483408603814908
0.2870767449383784
0.22301589122249155
0.15677071809825982
0.08739436341121376
0.01430705225204143
-0.06141256537903672
-0.13818407847237069
-0.2158727742322064
-0.2960385592545691
-0.3806803993940413
-0.4706906021562425
-0.5652206653312071
-0.6629453270343522
-0.7621808587640011
-0.8602441956793534
-0.9560570211761412
-1.0547688424067871
-1.1629215867981877
-1.2816878205375488
-1.4092129980038237
-1.5248933733412944
-1.6343197938939085
-1.7134700020184823
-1.751487398486315
-1.0936153876583266
-0.2650726431682724
-0.2584786591706827
-0.21387671990576607
-0.17808594383394372
-0.09878481731421829
0.11091844762761838
0.24143412892282967
0.33889177886573485
0.4445703257158016
0.5828246189628334
0.7572733049198224
0.9551485507219031
1.0958016172512188
1.1317339747620387
1.0907976293427062
1.0435726136025458
1.0405554781963922
1.0743691908248003
1.1135535855227392
1.1387031403236385
1.1469337100125792
1.1384335599745228
1.1098183361859615
1.060056990142705
0.9930418437114596
0.9159567920463392
0.8354537112810778
0.7542934121136842
0.6719996400725066
0.5873139174819517
0.5009025674290335
0.4144888896336507
0.3285897784500005
0.24281148751038018
0.15585858299352395
0.06641313405954286
-0.026286545597953292
-0.1215291846562554
-0.21670066520993458
-0.31010443756918704
-0.4017665896570968
-0.4923107998579379
-0.5831897369879044
-0.675377406129348
-0.7682740032840627
-0.8620319719575935
-0.9612154712020757
-1.0724621849303517
-1.1948765391009264
-1.3300240907514347
-1.4510972255880237
-1.5743946964149913
-1.6628841170768798
-1.7630182014752105
-1.2933232309839369
-0.4808663267123734
-0.3405198527130704
-0.25164527413989113
-0.24010492158794428
-0.25976384296447463
-0.12923897040627175
0.04372203470487257
0.19409949418653127
0.2565704952403234
0.30301270983980544
0.3783550385212635
0.5232754641134125
0.7179112345168921
0.9064441378694532
1.0171452378137502
1.025805427593932
0.9835997746167013
0.9482954699002697
0.9432277292023237
0.9640060243137931
0.9884413821651687
0.9946015886699957
0.9773927541805154
0.9390074505182113
0.8808618594234723
0.8052692493720919
0.7177325929242038
0.6253037318950465
0.5311477366944981
0.4348767060402192
0.33661463951443693
0.23783185006807805
0.14019223474285525
0.04462687815072641
-0.049257573236868524
-0.14294954311476893
-0.2376049531222968
-0.33287613865312693
-0.4271700522316735
-0.519892388133373
-0.6118647610749193
-0.703382285231875
-0.7937435229273433
-0.8820680126105014
-0.9712631855501357
-1.069078991383945
-1.1786382195028668
-1.297931796380995
-1.4199094467987816
-1.5342662087400445
-1.6423141765582514
-1.735099160426218
-1.7600233093605127
-1.0838940899817153
-0.40672219882281446
-0.46929152780024275
-0.3423785508548214
-0.28750086164340694
-0.22071688666387246
-0.04479726791655558
0.12046536517108386
0.23814729617772734
0.3038898907818268
0.3693708110450249
0.47305211047741835
0.6468522618707322
0.8642139329876368
1.0705242486953708
1.1931762905525556
1.2062584367267952
1.1691750870653301
1.1394238903064178
1.1311901985658182
1.1372101082594668
1.1447083062369945
1.1399349841726742
1.1176431938979743
1.0782390925748615
1.0254185370687416
0.9669671968627469
0.908178625149171
0.8472726285460297
0.7781180272134183
0.6984446702551637
0.6117817538353023
0.5221175586659896
0.430828275243087
0.3361458016957375
0.23568456201294552
0.12911001980010894
0.017411178844850994
-0.09718408284017066
-0.21155661610908538
-0.3233436736756268
-0.431990472486957
-0.5385183726582916
-0.64434444488408
-0.7496121232324224
-0.85244745243339
-0.9509090724465565
-1.0465443457057209
-1.1442168580154313
-1.2479293147115804
-1.3547522483870331
-1.4634502767422788
-1.5634609771642296
-1.652602452411129
-1.7253727277225632
-1.7931881226854287
-1.7397731211889003
-0.9277566608256702
-0.373846865533098
-0.5713558635887477
-0.35937838026588054
-0.2779589164160914
-0.22684448121842316
-0.06553123667831429
0.12480921855401306
0.25788022482585404
0.33368332809252976
0.42716176391468785
0.579521452429427
0.8057673745977834
1.0338767954107997
1.1644982457116395
1.1717775295276933
1.1202611129128925
1.0789377960864108
1.0736015384082656
1.0979591850277792
1.1212496300318655
1.1156766919197203
1.0797274999020559
1.0228769861117861
0.9528613296614754
0.876053599918377
0.7974454387157923
0.7193896799123127
0.6410266891941916
0.558821933008522
0.46928064044942275
0.37285269767822804
0.27372350785795874
0.1766760948385251
0.08386595386375184
-0.00661619339920172
-0.09759788424881322
-0.1899914076840581
-0.28282840070584037
-0.37496462824156396
-0.4663513678566087
-0.5584055898749991
-0.652972682294573
-0.7497660908541981
-0.8471903710458033
-0.9459630794960816
-1.0503664344238626
-1.1633904652198552
-1.2806825660401007
-1.3946125549627695
-1.507795670152893
-1.6060920529727625
-1.7080160957242416
-1.7845501373724346
-1.8549901249566485
-1.2933668788688486
-0.4821094509599053
-0.460773998951316
-0.30835997555138484
-0.210522458180062
-0.2360803736667645
-0.15153586797160656
-0.0188612379740416
0.12301114986467532
0.19088393619676403
0.24017555398562962
0.31086656847072014
0.44658921051695266
0.6305065890448027
0.8042902756049077
0.9010302281153386
0.9051009368728362
0.8653334288626482
0.834902288658995
0.8314686703166476
0.8484324942403134
0.8642818261143894
0.858269295714793
0.8278586894622588
0.7773770989254434
0.7131773657432028
0.643080469636077
0.572847616766424
0.5066250885068122
0.4446763093422845
0.384567248191253
0.3221281246202157
0.2518618346634067
0.17066768526220422
0.08025828259350476
-0.014516526651799921
-0.10985224833574492
-0.20444515576224198
-0.2995824912560572
-0.3970992816651364
-0.49761331665578723
-0.5995288927264895
-0.7005773147658783
-0.8002203583126217
-0.8997525610914678
-0.9995960352130648
-1.0984494664821156
-1.1956792770071054
-1.2929414240231143
-1.3970708112931725
-1.512843936782156
-1.6454144948601677
-1.779017048385704
-1.9109470508108242
-2.0192501561593623
-2.1243144929821707
-2.0457607681015375
-0.8756760004695288
-8.342838776957961E-4
-0.22446050451591226
-0.08259440557666942
0.0486827951175659
0.15993629343723192
0.3066871026406588
0.4556151751208315
0.559608954897195
0.6301751156559146
0.7215412499854317
0.8669455647371063
1.0810202688472152
1.3108243967920146
1.4634391089058134
1.49561999756882
1.4529024938994493
1.4065859781664631
1.385768143382247
1.3885598806239994
1.3986770315859687
1.3943310789730905
1.3660556949064073
1.3154481474694713
1.2464739039014017
1.1658803893465812
1.0800062534209278
0.9946913205898902
0.9126816023992852
0.8326010404867681
0.7508869308820003
0.6618406598172193
0.5608215295992114
0.4484217475268366
0.33108793846464835
0.2151396972474071
0.10233872490615603
-0.009025559822001483
-0.12115755907759684
-0.234890287309641
-0.34923386125920786
-0.4623677308422991
-0.5739146464829705
-0.6843977605803246
-0.7937850715678003
-0.9004491874581237
-1.0028108359494983
-1.1014332305049201
-1.2007908205973177
-1.3084615399221509
-1.426744828682331
-1.5610835164954224
-1.6909668888714027
-1.8216350888411874
-1.922073421714959
-2.0317151592945475
-1.9061517577985327
-0.7102293096381889
0.028058271315764216
-0.1160798980543909
-0.03756382060074337
-0.09994986016837437
-0.026107275545792064
0.11833112127972178
0.2951434481726807
0.40974160168909535
0.48172296373020984
0.5726997953960886
0.7247666366695533
0.9066764671137459
1.0364849297988936
1.0809633722152672
1.0620822145031976
1.028362810440285
1.0090937581356876
1.0055856499812545
1.0062738644836582
0.9935926768258199
0.959646270790099
0.9100432054676091
0.8538290959472832
0.7968187778766573
0.7392675069315224
0.6783518895919851
0.6112064663983361
0.5376236433722283
0.45948204720859565
0.3790635197224983
0.2984967714286135
0.21798517962590402
0.1362839563094056
0.05174967487242199
-0.03674739689308382
-0.1285989203422453
-0.22303593452462067
-0.3197032181911972
-0.41838016411697154
-0.5197332003897692
-0.624891575998344
-0.7335150517008593
-0.8433709190771026
-0.9522494848562424
-1.0592047007201728
-1.1640354478976391
-1.2655307432081209
-1.3667289401138696
-1.4691325950334857
-1.5624750931607068
-1.6489238741545833
-1.7164741046075527
-1.7097058428937402
-0.961755179799173
-0.22955904740600275
-0.5110933640604038
-0.5713891805107103
-0.28643792550396796
-0.05435660606468318
0.07568889680739588
0.19688561159762585
0.34542834309476333
0.45084067798972427
0.5620544995138097
0.718371340181875
0.9347851192453653
1.1716070233187388
1.3278654065837756
1.3522311809081664
1.305651342260516
1.274199466591245
1.2897245150287375
1.3338866635837032
1.368531840275967
1.3714087404460944
1.3464690996667112
1.301737860300877
1.239543677830067
1.1629830965233818
1.0779851384368389
0.989799281958021
0.9009469221511957
0.8137274791646121
0.7304307323112127
0.648226361767474
0.559215836159364
0.4576761714442199
0.34555295088984295
0.23047208741000702
0.11800732353145094
0.009966160383257261
-0.09403422060782418
-0.1966490986393019
-0.29952484680016056
-0.40196833911486607
-0.5033304326257948
-0.603507557790941
-0.7024590849085186
-0.7985221008172232
-0.8893350847189048
-0.9766995797409592
-1.066659576313711
-1.1648163773580578
-1.275542769314054
-1.3969375757580096
-1.5145108594761645
-1.6238902424394084
-1.7181355587590126
-1.7585506515556943
-1.081632546164677
-0.3267252649493244
-0.2070365517745607
-0.1834743957288083
-0.3284560410146895
-0.3783018970124594
-0.22330989773116272
-0.012654551447809581
0.10575644662353412
0.1535019019854431
0.21098902521194773
0.33595234037082733
0.537893783460003
0.7296070598464155
0.8262768045092983
0.8149343871385035
0.7560089234333915
0.7143751613763705
0.7165195062731833
0.7495484077928012
0.7759404303106727
0.7700696670587988
0.7344176225333072
0.6780013036195243
0.6077633774764379
0.5306583829358971
0.45258871228391584
0.3772068991726023
0.3056396583073919
0.23691849116137575
0.16820195611292732
0.09809776766887168
0.028194490150355023
-0.039454787983391526
-0.10597314431861449
-0.17552573134576832
-0.25103251126860826
-0.3310963944247902
-0.4128799233295197
-0.49461990457600535
-0.5763945945259614
-0.6615106250019487
-0.754503174393033
-0.857304277221651
-0.9650678740986542
-1.0693367654015553
-1.1684092926815381
-1.2686596039989269
-1.3825526550200955
-1.4960862717928443
-1.6159704501307957
-1.7099951131274622
-1.78479095566194
-1.297890693428954
-0.3752794355693574
-0.28649392864302214
-0.30019303628962746
-0.12393487020673177
-0.05175271509938639
0.09239622785969814
0.2366533753270481
0.34877580161640154
0.41339157838116236
0.49369090379708425
0.6207786304129499
0.8179492939286028
1.0576468440711686
1.2393889844991257
1.2872512937231626
1.2363468320350322
1.173045599598968
1.1485365022812744
1.1619020552802048
1.1874620453650842
1.2016476696640126
1.1961534688518256
1.1709675909973605
1.1245416369934738
1.0575941205526327
0.9768076382419544
0.8916607954650644
0.8101556753157482
0.734735527859641
0.6607472085115873
0.5788793173616682
0.48400597069952767
0.3803537230657881
0.2746614193329151
0.1710474023171784
0.07096125323652913
-0.02776133567147454
-0.12826858464219626
-0.230511894518461
-0.3331321357139956
-0.43609252859405245
-0.5396690096691437
-0.6430533902374798
-0.7444269785286934
-0.8431594960364599
-0.9423401204588622
-1.0489224555122654
-1.1681322040945048
-1.299545310880685
-1.4338839634128
-1.5550055541881527
-1.6602401000491263
-1.74234045787815
-1.7605537114659917
-1.1116768793154819
-0.4221280923860462
-0.5478213439535473
-0.34854039479936105
-0.2217694676087909
-0.20774723925441663
-0.10970671836461321
0.04358046324460574
0.2011993386823825
0.2817157172724869
0.35809978551235844
0.47844905736855026
0.6705386881435693
0.8800231944921606
1.0170301989932433
1.0410663879292095
0.9940068424786368
0.9445847940385406
0.9272752414572416
0.9414557009399154
0.9627156861475541
0.9626222328737946
0.9347728778800324
0.8870591998282968
0.826535484313645
0.7601153571141062
0.6929533032764041
0.6276456772191672
0.5641705378547002
0.5009599237668745
0.4358638209231849
0.3667006651098248
0.2913934488901191
0.2095782691475776
0.12241655233567883
0.03237302041740264
-0.0581674732022357
-0.14800766049767944
-0.23775945120215525
-0.32883635491915086
-0.42217668080755644
-0.517535237722246
-0.6124908179270001
-0.7049857786295597
-0.795528384291579
-0.8870554305178793
-0.9838301687634221
-1.088611868678651
-1.2007010424657274
-1.3143060233445496
-1.4332577492679022
-1.5370654743670826
-1.640569542250141
-1.7084376786184343
-1.796406015542079
-1.4726947137382993
-0.5399985947914807
-0.38300609387084705
-0.5295143664884634
-0.2768752869796174
-0.13650658287482287
-0.012921811515735016
0.11290529926305481
0.25583758971992054
0.35954497990287493
0.44678647425105567
0.5592184690516788
0.7265843856496197
0.9434711531758566
1.1312030804474986
1.2120726300526137
1.1955159485527744
1.1527025971704177
1.1410747554931078
1.169378245745321
1.2118973128151431
1.2363489009990971
1.2292246018925077
1.1964515888971725
1.145739716577033
1.083455163402931
1.015707203374678
0.9472182139978393
0.8802742742489791
0.8140836446696973
0.7456645493255891
0.670174460260565
0.5836434578377165
0.48804585263971845
0.3900075513633574
0.2941718474525068
0.20017650850302005
0.10485402254009202
0.006420203276402248
-0.09389750201452784
-0.19365706441251618
-0.29116110166952325
-0.3871645215527231
-0.4838034581573396
-0.5823796617290107
-0.6847354272816375
-0.7918239546812096
-0.9031696858819558
-1.018537773599455
-1.138839171045241
-1.2629797385452228
-1.3882422291270409
-1.493436600485321
-1.5922732129459263
-1.663867710960595
-1.7186958917470676
-1.1134392747869235
-0.3092573360521307
-0.23295413240887086
-0.11638775598335371
-0.16065398167908995
-0.26069189233188084
-0.18027859538067048
-0.07621931613021005
-0.02054516178737842
-0.023482385714043374
-0.04158181819169826
-0.07849036194787828
-0.1193887962987965
-0.1570253920864566
-0.19400804653757575
-0.23200778593940896
-0.27150568416497833
-0.30909673618047506
-0.3424630741704213
-0.37190828641623597
-0.3995641880536098
-0.42917047216421267
-0.46324142401049784
-0.4994671023761583
-0.5244132579756204
-0.5143837564397522
-0.4576688579372217
-0.36792043333987934
-0.2703497465260618
-0.16162592260732822
-0.06113955127578663
-0.018420926490975376
-7.939666549816593E-5
0.01931663028521413
0.01578411267633939
-0.00480610729675135
-0.02316412192669759
-0.03078051593652731
-0.030983297016579314
-0.03098633373943116
-0.03528950966573774
-0.04330276666195587
-0.05072386145758401
-0.05431598704844376
-0.0556490496151838
-0.05772289962180821
-0.06063082479545656
-0.06146852509712275
-0.058060689257018794
-0.05015304174193602
-0.03883551325510126
-0.026039027798532288
-0.013424394469769396
-0.002659990251757449
0.004548772493361497
0.008208996806615687
0.009114052430501118
0.007459537666957061
0.0033260983059477667
-0.00225383915971733
-0.007130343184755361
-0.010362694321361943
-0.013360819986896644