0.006232527048856068
0.006534659560725175
0.006031242977715193
0.006198727860446679
0.00625120878432159
0.006144112813893407
0.005677417166498873
0.006361867523519209
0.005338899743207011
0.00567202510072601
0.005559617949454635
0.005659216068417676
0.005844914471240987
0.005682995979046935
0.005258096740786346
0.005483818181724644
0.00514134769860004
0.004791703284856286
0.004917062509983753
0.0046392876791328235
0.0045133507307185804
0.0043666198446853655
0.004313483276315543
0.004143467761189217
0.0038001005789252418
0.0036339247900728094
0.0035271544609148386
0.0032242322172655307
0.0030880926955275737
0.003077363459599426
0.0028821722032803723
0.00285057957404327
0.0027521063835685786
0.002657191280895029
0.002628814641602223
0.0023842244202541014
0.00217467982727043
0.0018971566318581237
0.0017643322944707607
0.0017060784977686906
0.0015862149329345081
0.0015305291587301099
0.001443794072301061
0.0013463675213760112
0.001448645227031668
0.0015435513161563882
0.0015011884664702727
0.0015015726949234726
0.001476879129987823
0.0013359383839842802
0.0010981043368876627
0.001053366557324931
7.357401086354552E-4
5.776583472632858E-4
7.186999343315563E-4
6.813584094749279E-4
6.738717769113785E-4
5.728281324961591E-4
6.708313187504585E-4
5.728080816337945E-4
4.411654286993194E-4
2.8817529360628327E-4
3.2618937442421315E-4
2.0192708326963182E-4
4.591633594611122E-5
-1.357212102519323E-4
-2.9746670762370933E-4
-5.382935796529979E-4
-7.145857986189802E-4
-7.890066011842466E-4
-8.652551531692608E-4
-7.028246383043064E-4
-6.949954574504945E-4
-6.305245061897051E-4
-5.991213123905798E-4
-4.6304026239051346E-4
-4.167003392561257E-4
-3.5854638135427927E-4
-4.431079776418857E-4
-4.735206992045049E-4
-6.846349217047576E-4
-5.903595336406685E-4
-4.6024902217830024E-4
-3.072781462682174E-4
-1.7632853227829773E-4
1.0846208924678719E-4
3.9042656505737516E-4
4.430514977708279E-4
6.915122317070824E-4
7.59821438016197E-4
9.502948293239784E-4
8.303608280868686E-4
8.285813089942938E-4
8.181279946247594E-4
4.0126519194043364E-4
5.711529559929984E-4
3.425810037487563E-4
1.7005073632406567E-4
2.6739723165476736E-5
-1.495826815120123E-4
-1.4402587957155696E-4
-4.311025800336661E-4
-4.8466982221993457E-4
-4.664427496879099E-4
-5.268542654500059E-4
-4.072365968895951E-4
-4.2515025926713815E-4
-5.447803909645922E-4
-5.561927651306572E-4
-5.812807685319082E-4
-4.5335655603810296E-4
-1.708943438063458E-4
1.0679428343264227E-4
2.0985685682681568E-4
3.057215264233165E-4
5.083614441927925E-4
6.825313297841515E-4
7.478232964469693E-4
6.765001276220137E-4
5.120233922499065E-4
2.6720761234864596E-4
1.6770793457655808E-4
-6.680905982959368E-5
5.357469982786994E-5
8.382603712767112E-5
5.3547295759050206E-5
8.835448568885254E-5
1.0207010952391696E-4
1.6709425816073542E-4
3.3184920256498773E-4
3.300170808421682E-4
4.869085651015362E-4
5.564699270873066E-4
4.6083224514388565E-4
3.3694316050922324E-4
3.077570364777085E-4
2.0427856310675785E-4
-6.132433975720303E-5
1.2617453470371853E-4
4.597285706814391E-6
-4.079054357744583E-6
4.3586536217436744E-5
-6.610344272937191E-5
-7.81850190483685E-5
-9.458570789484116E-5
-5.369098127296079E-6
1.9968717997864704E-5
4.6585149030720086E-5
-1.2626167202621497E-4
-1.7361064360611744E-4
-1.2425495350912308E-4
-1.224119736428983E-4
-2.1936866070714628E-4
-3.321993154729308E-4
-3.4057769333700055E-4
-2.313551455593449E-4
-1.622824464429934E-4
-2.1431738554094498E-4
-2.848891779094337E-4
-2.516547333121025E-4
-3.032693964826194E-4
-5.008779582128808E-4
-5.592640897344459E-4
-4.763670735434128E-4
-3.864445554263782E-4
-1.6841956839246802E-4
-1.3533063796936085E-5
1.722447257522866E-4
3.1269235856507677E-4
4.204258943672143E-4
5.416636424878871E-4
7.252493806869931E-4
8.449570099079012E-4
7.837006612864683E-4
6.215256596083171E-4
5.977464470368413E-4
5.138160548760276E-4
3.179099277932293E-4
5.7390013795899364E-5
-1.7646702401250686E-4
-1.267413404067927E-4
-2.7597726584784044E-4
-2.7287922739652193E-4
-2.824350330576583E-4
-3.2158276387793394E-4
-1.0803648301183771E-4
-7.355966022817156E-5
-1.4239038559570733E-4
-9.801602113935354E-5
-1.804464653748436E-4
-1.8247253811417424E-4
-3.0196539621099583E-4
-3.7057502241468615E-4
-3.347542091439448E-4
-3.9896355411211254E-4
-3.1479636510643727E-4
-3.3679166080061856E-4
-3.146454631698936E-4
-6.595147894918052E-5
-6.211550085104961E-5
5.4920465945927643E-5
4.7758399362107795E-5
-7.124478847604643E-6
7.651239116449743E-5
2.8775370219176477E-4
4.450783661061608E-4
6.047985263023664E-4
5.875491222663357E-4
5.319487797058181E-4
5.869222960199968E-4
6.533631885520461E-4
5.37105662443374E-4
6.676058057612094E-4
5.229695015204414E-4
5.384949273249048E-4
4.881875812439776E-4
4.2193512321206383E-4
2.5830212425138194E-4
1.0805390776794793E-4
3.106491409041179E-7
-1.2350955347430193E-4
-1.3880934142220663E-4
-1.586010164556506E-4
-6.649938811199158E-5
-1.1872684619839563E-4
-1.798874229031605E-5
7.752252456436765E-5
7.734973338905521E-5
1.302313586174081E-4
1.5261097501875764E-4
1.1509549670343788E-5
-1.172270676093462E-4
-2.1578785893761054E-5
-2.465954153708927E-5
-4.374866042479442E-5
-1.7334654506773184E-4
-1.3064729813199588E-4
-1.4716910650375975E-4
-2.3024831610175128E-4
5.108943615023814E-5
1.0656402582423508E-5
7.866327568653575E-5
1.137122658054629E-4
-3.0814158108419254E-5
-5.5299298984165524E-5
-8.427742577699071E-5
-1.876562810015428E-4
-5.3546975795619456E-5
-1.6802365122255136E-4
-2.5210472212627844E-5
2.305674305787403E-4
3.4897537608089E-4
5.440168332407763E-4
5.49428528224323E-4
8.825540759315187E-4
0.0010257212255846831
0.0010676226658314913
0.0010398003300367414
7.334260638684198E-4
4.892857433696773E-4
1.9448709193913005E-4
-3.406907379431556E-5
-2.3964791481217995E-4
-2.3612205179315837E-4
-5.863008460561953E-4
-6.118977713536478E-4
-6.809776897994113E-4
-7.323421615790804E-4
-6.592253929677272E-4
-7.069723617947055E-4
-7.58165031465613E-4
-6.611456935156496E-4
-6.501148297322623E-4
-6.113400062291718E-4
-6.686678854912198E-4
-6.815407585749889E-4
-6.814933788900912E-4
-8.486501692913789E-4
-6.769650814517081E-4
-5.163735732852115E-4
-3.712889629661348E-4
-1.2680261978254004E-4
-3.932459039995839E-5
1.9415405107528483E-4
3.2401507288605524E-4
3.649351268034534E-4
3.904592546218749E-4
3.521967410703014E-4
1.4793046476449523E-4
9.603696926652194E-5
3.891674662748201E-5
-1.1432153206704376E-4
-2.1844681506223707E-4
-2.0606898662342554E-4
-6.47725627885426E-5
7.279326319192814E-5
1.4845293706394758E-4
3.066999937227227E-4
3.69586994720672E-4
5.038657266496632E-4
7.196422820542198E-4
6.353492783378462E-4
6.439756617497988E-4
5.69119173593563E-4
3.5335032603112104E-4
-4.4833385009102056E-5
-1.607588536569754E-4
-3.138957479952298E-4
-5.09296308370405E-4
-4.70024704167446E-4
-5.240398047786088E-4
-5.194386403554324E-4
-4.3208053215150477E-4
-4.1179605517285833E-4
-4.152223108291886E-4
-4.573682793448941E-4
-5.830606477639083E-4
-4.746124222887449E-4
-4.659843003236297E-4
-4.773070014706532E-4
-4.663236963552836E-4
-5.931257681260765E-4
-4.6630594894067623E-4
-4.906886857828363E-4
-4.73819724241209E-4
-4.7023709804834557E-4
-3.3542040241738014E-4
-4.107742200640113E-4
-5.269659646524733E-4
-6.019926639595358E-4
-5.248393195059625E-4
-6.607002590169747E-4
-7.095201475782603E-4
-7.524149228068516E-4
-6.762565023887834E-4
-4.125219291152421E-4
-3.0981478587474576E-4
-1.5683459854327897E-4
1.4357780401366704E-4
3.356451480327344E-4
5.365994020866821E-4
7.109965474912244E-4
7.710152038547385E-4
7.249421815341828E-4
7.324957333827153E-4
5.134116638429997E-4
3.2416747139113467E-4
2.7318696311728896E-4
1.6889442899389873E-4
9.949463147117255E-5
4.820661302358531E-5
-6.439230500474014E-5
-8.951949133240156E-5
-6.374301411241068E-5
-4.51908594199385E-5
-6.343583933007824E-5
1.073882482705013E-5
1.3500106551340985E-4
1.4948557103496019E-4
9.015016068845971E-5
5.6114633310747064E-5
-1.585790066966214E-4
-3.3956989550332217E-4
-3.4110659672050014E-4
-4.6660247206109506E-4
-6.714267445904892E-4
-6.899373401898223E-4
-8.148992170998598E-4
-9.235330909176526E-4
-9.308043334905897E-4
-0.0011932678828928817
-0.0014024451080657946
-0.002017071863390757
-0.0026814778777106
-0.003136874807331158
-0.003841461512187394
-0.004435259214503329
-0.005146851374508127
-0.005989094577598053
-0.006788638494868188
-0.007902532793134465
-0.009116857446079998
-0.010392949340868873
-0.012015068068579104
-0.013633958864961201
-0.01552889658731009
-0.01747293716482004
-0.019664874454591738
-0.022066771704130475
-0.024434612691136268
-0.027086659669065247
-0.029843672419628126
-0.032493562836623656
-0.035583748681831846
-0.03886594175295984
-0.04230330436863036
-0.04561108655790776
-0.04940098710711147
-0.053282131655455464
-0.05696191288742113
-0.060606733692631344
-0.06437128197353736
-0.0682420954738442
-0.0721491449984626
-0.07597562191823248
-0.07959650426399782
-0.08312852882015154
-0.08670751423142135
-0.09023383800313582
-0.09363762172211479
-0.0965869277495726
-0.0991957706292595
-0.10168019165516097
-0.10406912003812256
-0.10634963002648229
-0.10831719462272901
-0.11006508043910822
-0.11147169694294205
-0.11269719589190641
-0.1135869707289489
-0.11386961909522378
-0.11411335352559959
-0.11401799926842693
-0.1146941701419527
-0.11295052574376782
-0.10732661894797328
-0.10132987875544658
-0.09215720474546828
-0.08052760486922897
-0.06864316635448638
-0.06571640573800527
-0.06480138861639326
-0.06186123197695155
-0.05848939470937334
-0.05616212471754485
-0.05422645565411036
-0.04998116636659969
-0.046510926824263304
-0.03852618225380719
-0.0271467174967957
-0.014005994602737434
0.0037205455978699398
0.020361523253273377
0.03717910793606519
0.054302179462074114
0.07598993819804976
0.10816677551905747
0.1451529532002535
0.1884480139213431
0.24341177049473822
0.32174307429110877
0.41077578527971137
0.4511355631650995
0.45045160612552565
0.45497044709395956
0.4845620729493044
0.5147881483855988
0.536388121598566
0.5566546320918125
0.5754947536459742
0.5895397547710732
0.5986685594230162
0.6051066281823855
0.6101894335784286
0.6148785148776424
0.6153425061691123
0.6101372951281671
0.5960948394663553
0.5711786664909957
0.5394865107442303
0.49999750307588303
0.45333965310423585
0.401168332863855
0.34225684628669456
0.2782566080163706
0.20895546779595292
0.13301621077878464
0.05243500400782783
-0.029210554365477696
-0.11196366289565647
-0.19645847833046598
-0.27875908899010715
-0.3595132954958826
-0.4387418289829128
-0.5144320598149653
-0.58328921207452
-0.6438852804216803
-0.70036334146781
-0.7552559804031812
-0.8076028941880432
-0.8537720420726519
-0.8957092833782214
-0.9344997047388334
-0.9657259552207798
-0.9929470687095373
-1.0183071678013647
-1.038475984124466
-1.050970040456183
-1.0526194599768726
-1.0403421519227547
-0.9959374355738223
-0.9425650495860827
-0.8623035347020346
-0.7839984190149021
-0.518570648528598
0.18816394695326044
0.3157090228583178
0.1384746150980367
0.1761975420908653
0.3953719569842894
0.4944934087019579
0.5031651400309896
0.5949499182103196
0.6581251954359542
0.6991264877995816
0.751868041454502
0.7921406250167418
0.8164196773335978
0.836400792102438
0.849821738027158
0.853605002694217
0.8514061765333838
0.8430645746542227
0.8276930377981684
0.8034639328972872
0.7697923825684727
0.7265344481189745
0.6776125851999012
0.6218075341203165
0.5564541657935966
0.4855690324222437
0.4096851631282834
0.326309906746264
0.2360879640646992
0.14257304780000896
0.0467729913610407
-0.05169665900911102
-0.1498826354644717
-0.24862232999425493
-0.3485834085408975
-0.44802526228479006
-0.547271032798007
-0.6457196559548046
-0.7391324979521828
-0.8237433205649367
-0.8937736268061033
-0.9558970135408112
-1.0103300500690082
-1.0538154142152265
-1.0893009390758899
-1.1160676999683414
-1.127363794066
-1.1232523770889162
-1.1110657875126149
-1.0911105892803503
-1.0436873600007428
-0.9821592578169457
-0.8689633716741424
-0.7119010279398191
-0.009636936379783828
0.4434574593658577
0.28740824455044767
0.21056815836835455
0.5347669460046629
0.7165089324133963
0.6479956466905255
0.7872520166483651
0.876871625464559
0.9018763289421594
0.9619662554951371
0.9979729345370191
1.0266355780852061
1.0490691445286997
1.0630907428481624
1.0551602541616223
1.0431913027330844
1.0313733289337224
1.01038933117764
0.9823107540298178
0.9467185293267597
0.9005692708175597
0.8406208604088738
0.7694559242360635
0.6897773359378521
0.5991376469482961
0.4987822485228398
0.3903371187432419
0.2727661690250026
0.14984955463409033
0.025964031550687022
-0.09869998067847677
-0.22332529223731665
-0.3451121591264791
-0.4650971601162909
-0.5813622408460646
-0.6892842947702857
-0.7880926992714371
-0.8772221725785314
-0.9588839781048409
-1.031620015258343
-1.0928882791272683
-1.1420643102976926
-1.1775810595184963
-1.2045720493555876
-1.2288749304437903
-1.2448421113114574
-1.2431029440419696
-1.2344020415520434
-1.1900430008980982
-1.156179639364278
-1.0461351066990088
-0.9735619135041627
-0.35538010189983504
0.5489853066528843
0.15920104779272176
-0.0815224349429115
0.4241244094054234
0.6909580905605692
0.5564929208351349
0.6965955386440311
0.8429123095263925
0.839689122863017
0.8948167144384187
0.9484564161882882
0.9727590911902426
1.002724623772808
1.020793259693225
1.0231290088001033
1.0216724412073295
1.011386676816569
0.9925513251081095
0.965508169388315
0.9268318833297743
0.8775092453365314
0.818142247568107
0.7467207800024741
0.6676370639839118
0.5791714832997333
0.48166405901388315
0.37664238802253336
0.2646309922335883
0.14622921978169456
0.02430245076700671
-0.09774874012001528
-0.21845996421395947
-0.337399623970808
-0.4535823010905221
-0.5656595016782031
-0.6726253073069131
-0.7697392533187914
-0.8589106648117623
-0.9415226466333659
-1.0118210004759505
-1.0708609162961111
-1.1210481920433375
-1.1589716180199896
-1.1822348408461694
-1.189591564844998
-1.1885231715175577
-1.1879791324158502
-1.1629194082222787
-1.1356069202225738
-1.05410770524019
-0.9949861576335327
-0.603720367592506
0.3419665340579324
0.3542820372682262
0.007825054746990023
0.13523745037825013
0.598145433548257
0.5801505588625964
0.5089018322508121
0.748851836973452
0.7702308424017329
0.7744592409614286
0.8509670813033485
0.8708115780780498
0.9012658016604469
0.9237885262117869
0.9265777456376496
0.919870564562264
0.9050917623106431
0.8789451602874863
0.8443579488553352
0.8019270699425365
0.7508712294649867
0.6935122998787158
0.6269444577706469
0.5493136864023679
0.4663360289907308
0.3753135420578718
0.2777597446303107
0.17420489917011706
0.06388006987531902
-0.05248762207567492
-0.1695150405289082
-0.2897652895146229
-0.41245802856783365
-0.5297198711238269
-0.6424211152002389
-0.7457067862041804
-0.8378118335064502
-0.9219486086200056
-0.9961251819394669
-1.0563571614117386
-1.1003235679179912
-1.1384098404985736
-1.1695957097582865
-1.192417191402107
-1.208643309654395
-1.209194290473255
-1.1901759094884694
-1.1596996464025586
-1.1089558038186078
-1.0389962031811582
-0.9309969290786165
-0.8314946198371349
-0.5241185824129381
0.27667475372755523
0.42023246260896313
0.21910105175486716
0.2627944764001968
0.6242931378286778
0.655606488226715
0.6013600628936839
0.8026493778114906
0.8291383944483697
0.8473696300502828
0.9238021131902773
0.9447290741399914
0.9711929621811428
0.9864671232484956
0.9859239973143026
0.9758546274353141
0.9586027898643692
0.9317488405712501
0.8958310408155102
0.8521513066772273
0.7978870955175931
0.7351535173555518
0.6627973397508038
0.5795496744357136
0.4895647596303718
0.39377498150864493
0.29085810078729546
0.18313241572177075
0.07077512598633051
-0.04502735171318073
-0.1627737158213004
-0.2827791113990217
-0.4032396982017774
-0.5200977027109736
-0.6314704633172673
-0.7352588974178774
-0.8272858522407925
-0.9089538923701137
-0.9795497664211079
-1.0397818739860685
-1.0925002785017237
-1.1388734120102795
-1.17994899356193
-1.209698249161379
-1.2187151051884957
-1.2007371789928545
-1.1758110641291148
-1.1071143596697475
-1.0453591772220712
-0.9178795362718495
-0.8303275952667103
-0.067919302406653
0.5298238773498501
0.22590862384166877
0.10053126766620268
0.474907736487434
0.7092116318845727
0.543027067133238
0.7151278048052335
0.8391715686820462
0.8110980209892833
0.8901807882433593
0.9266860070395438
0.9458042123492568
0.972823226801824
0.9787776709118698
0.9715157052360095
0.9568743685848855
0.9344631620779127
0.9022554423789997
0.8627736142479058
0.8155452166464983
0.7616836166427257
0.7018183143930382
0.6334106554289897
0.5581657618472363
0.474624695198584
0.3825141209177165
0.28702017299141863
0.1872678318516905
0.08107327639337114
-0.029903664427639254
-0.1438663803076098
-0.259743138332977
-0.37614059811883427
-0.49022872944412843
-0.600167694887364
-0.7036920874098002
-0.8002581005714303
-0.887905669663964
-0.9628804276952898
-1.0284428140120407
-1.0853166965191101
-1.1325294876241732
-1.1715355943011403
-1.2020405928660178
-1.2216792405007073
-1.229903627676301
-1.2252826015268121
-1.2038788849577178
-1.1704363556311703
-1.1104204079078703
-1.042636321355813
-0.93447195472914
-0.8359567949732787
-0.4397283717549809
0.4027776062178189
0.31394694911004073
0.09424993032705231
0.3526749452591991
0.6436603578763216
0.5694062259291528
0.6642993786127158
0.8233070227295696
0.8301667319900724
0.9034183803370746
0.9637723623515219
0.9985652679611587
1.0388950552024223
1.0661914387655957
1.0825761154212814
1.0878827635803636
1.086263840748579
1.0837266178386216
1.0753353535116565
1.0597645010615409
1.0400313281233615
1.0104677315701827
0.9686792161115882
0.9173514068265053
0.8542698755150018
0.7790950391503049
0.6940422052486745
0.5999493654315573
0.49512574385606456
0.3832280295843606
0.26519367149056927
0.14352038220708818
0.020497486156289213
-0.10201694047030685
-0.22156998498430414
-0.3405078254430559
-0.45653362818138943
-0.5669773292713834
-0.6725547207778522
-0.7693979574930491
-0.8566609582927047
-0.9382493521696913
-1.0119849182678835
-1.0774787652767555
-1.1355080437270169
-1.1861247223642217
-1.2282823577914175
-1.2668768344578192
-1.2976601443283748
-1.31659782036385
-1.3251278148614607
-1.3143916367446997
-1.2846550477528376
-1.2404426583779715
-1.1844126123159398
-1.0853305479279567
-0.9948151486665658
-0.8411174030636412
-0.7073206950833829
0.015915739705031795
0.4840720310586567
0.10621552522614974
0.2607635179673392
0.6241420200391959
0.6495274365805278
0.6714999304493157
0.8165344260772178
0.8671425362249449
0.9103326512534519
0.9717537334331362
1.0069082035999872
1.0347899140639714
1.0629232604247838
1.0753756978122924
1.0801475620967615
1.0746974338749689
1.06339865135637
1.047858700716317
1.0234846686068484
0.9872860877416307
0.9437537318715311
0.8905051127439896
0.82679949482169
0.7548826567091098
0.6730459353788882
0.5831473753776688
0.48813370196572975
0.38637009864134786
0.2786594679552269
0.16619765576642276
0.05074425382818892
-0.06527308761806505
-0.18166407548552244
-0.29718641708584415
-0.4115248955199037
-0.526779926978335
-0.6369201215901911
-0.7337717241989183
-0.8232283882210351
-0.9055867421304122
-0.9748409618372017
-1.0382701677871415
-1.0961168964639527
-1.1462926856625018
-1.1906854442781403
-1.229047034017713
-1.2494331474910552
-1.2556393553737317
-1.24878633357295
-1.2173276120274
-1.1791914812810764
-1.1107189265681598
-1.0443674401052303
-0.9148437569237757
-0.8237196292955223
-0.26734803325139456
0.5240436212551082
0.23451777576468769
0.100246746577762
0.42609597983618663
0.6438882096498327
0.5571764430982626
0.6670026333866121
0.7936681781129896
0.7927211601756827
0.8536271954026118
0.8978438193249847
0.9177298236157535
0.9451456907537337
0.9654819170975237
0.9698744859569488
0.9695934200046266
0.9646769895272336
0.9487079269848734
0.9251385222611328
0.8910452369245789
0.8484550113153555
0.796305087545882
0.7329437537650297
0.6605588852467321
0.5773220612168335
0.48591001262689554
0.3895295980943039
0.2866451454921273
0.17969929453065292
0.07039728976531756
-0.039740093575493685
-0.14975905657904842
-0.2592226496785083
-0.36800628751632636
-0.4735108795507994
-0.5739603605200884
-0.6672663071980053
-0.7517229499143039
-0.8309635505193264
-0.9031384588490178
-0.9670453079531108
-1.0216310229183114
-1.0624641618683741
-1.0854482647152839
-1.0961673831697658
-1.0992099125838048
-1.094597496476107
-1.083951470364485
-1.0627952261681475
-1.0222404474258957
-0.954334664480949
-0.858316708928615
-0.7412262705878399
-0.6097348264571877
-0.47229852145191487
-0.3296065718197204
-0.18470220200921406
-0.043671000425864914
0.09136713125220275
0.21539481089063928
0.33240233947432896
0.43861409711676447
0.5340468253045701
0.6200065045613468
0.6965316737980658
0.7638602204943858
0.8230206185652178
0.8742209145573459
0.9192131490169729
0.9564340492464374
0.9859996234800682
1.0106285785537652
1.029091144413508
1.044638265523134
1.0562339464504296
1.0602355967882542
1.0557896589040978
1.0419925915244095
1.0167812135431933
0.9775571255153279
0.9221533029053862
0.8504705353538046
0.766363857158015
0.6693122792859236
0.5619145120002453
0.4479423191004447
0.33153638968621246
0.21368239909685027
0.09580767891691899
-0.020231599554926705
-0.13320697153596472
-0.24097734612492205
-0.34458031102886744
-0.442664713254171
-0.534846740199372
-0.6244270084050476
-0.7088781713474988
-0.787738741719195
-0.8549634628894482
-0.9132396626190316
-0.9702932526819812
-1.0209806105403068
-1.0694435228964503
-1.116082251731103
-1.1502100860462363
-1.166156893772446
-1.1680405577094304
-1.1554467721557147
-1.1406409637254278
-1.0929970362412293
-1.0615229115594877
-0.9641664547691524
-0.9309126219068575
-0.3425664935072079
0.6038915969356723
0.1500062247010603
-0.1886152912721768
0.28507624454932
0.5813452822459747
0.4168668498229038
0.5048712802252581
0.6943584446690477
0.6755623810299061
0.7305600758814064
0.7857924692579452
0.7979153710603385
0.8162184619639709
0.8289648988047585
0.8310321209579138
0.8273936637075843
0.8210671310283111
0.8056185261377451
0.7823288233431522
0.7504311603292568
0.7104304933442371
0.663009465966853
0.6080649794702238
0.5462117186335459
0.4805489137531299
0.41080625900405654
0.33731955122189294
0.25787347915328074
0.17342758652054102
0.08647777526878575
-0.00512712525482506
-0.09779067762486049
-0.18726407578550286
-0.2801347226350688
-0.37416232585807907
-0.4647816401328482
-0.5535966809207706
-0.6389911032835407
-0.7172431368911636
-0.7884588345375159
-0.8532219960478451
-0.9097389665450535
-0.9608303594679168
-1.006498731777492
-1.0463179805259097
-1.077121752036534
-1.0921037289798883
-1.088560599253652
-1.0555960891906464
-1.021955758891171
-0.9431190666097851
-0.8248301343819242
0.005520602512732786
0.4763850577823677
0.24238590901544144
0.009443262190355295
0.32572460044728324
0.5938499922295909
0.41134779187470594
0.5300014997261048
0.6960339480703986
0.6500433429849749
0.7097530714027686
0.7562756655256806
0.7604279945733029
0.7889722938361118
0.8052646479989993
0.8073153680363687
0.8011346912205951
0.7875061999719127
0.7646498029211533
0.7377739855619699
0.7046107645027289
0.6660424594858141
0.6217475204191225
0.5687908498209333
0.50886334370321
0.4441213208059652
0.3735137919025445
0.29803514004949605
0.22120674421007558
0.13883951643683856
0.051788655520284
-0.03519038368265193
-0.12490998952832166
-0.21728992215509257
-0.3097356717408366
-0.399154723682672
-0.48197540686131846
-0.5587389734804782
-0.6312152319324498
-0.6988560406877924
-0.7633807419567558
-0.824099732545909
-0.8815288474140641
-0.9350499241102537
-0.9832892778857074
-1.0234725859077152
-1.0503657483001472
-1.0625194456267466
-1.069993733705714
-1.049245841666064
-1.0262080796491564
-0.9570541503993855
-0.9212884516492623
-0.559974827945444
0.32448620704153286
0.42336495097729854
0.10359296124525885
0.0540830111667161
0.4318973003437083
0.4415485641634119
0.3445684012295198
0.5390804361821782
0.5835020440507287
0.5819803794248438
0.6536001817846327
0.668539881226538
0.6880965337879643
0.7109083223175103
0.724703266063252
0.7277056811476125
0.7228915314772892
0.7115166391410408
0.691346084338494
0.6652201712019078
0.6310697143038062
0.5885460749752008
0.5398670659669351
0.48626264707730527
0.42663313615523535
0.3608708268110272
0.2907963373274254
0.21660490142994582
0.1391221206040918
0.05784545707532662
-0.028581280985964908
-0.11613322471264054
-0.20083466344079026
-0.28559425262228166
-0.37031636859697614
-0.4503742002251929
-0.5284706099397865
-0.6046408878321083
-0.6749485570473932
-0.7393112658985057
-0.8002347216171766
-0.855675029010893
-0.9024860241913828
-0.9410467974377978
-0.9703702104532701
-0.9851097445988768
-0.9913904982677297
-0.9719911139592812
-0.9558002215380128
-0.8948913566897609
-0.8689916039176453
-0.5138530203559339
0.3021249425855832
0.3931894324318088
0.12911942688634737
0.07463109897223386
0.4449041892590715
0.4454673012136192
0.3431103950288119
0.5448246175213147
0.5830852171606155
0.576700542576477
0.6542019759908723
0.6755876632871944
0.7018747457886326
0.7353266121328135
0.7558012740706501
0.7667531081025062
0.7696859722434414
0.7678797266311401
0.758594554176697
0.7433254566573638
0.72097451916405
0.6882106471763951
0.6458913200537761
0.5944384077008468
0.5320505413498937
0.46215040425261744
0.3888705576550471
0.31066899196984954
0.22517233591417685
0.1365602981185594
0.04567129791295721
-0.04969273933047447
-0.14723892557493112
-0.24553314437694262
-0.34490100355018605
-0.44375864752799954
-0.5389344809875867
-0.6272287681649704
-0.7086037574398416
-0.7797910913138657
-0.8409527379444766
-0.8941048380585428
-0.9348668656407486
-0.9650381671494219
-0.9874804512002355
-1.0023073780120475
-1.0163879883568092
-1.018069482359269
-1.005474337359325
-0.9666904856428851
-0.9211948380289752
-0.6911514974679607
0.2146000690951273
0.47502988170268945
0.19704218207097157
0.026675990223799628
0.4136595095533584
0.5633100932801178
0.3799358111602944
0.5558530516943134
0.6649257893500627
0.6189913466403353
0.6828260910686166
0.7067286254847603
0.7089339475608881
0.7251230443359085
0.7274170950458195
0.7201060405861176
0.7033108636242564
0.6811644692587886
0.6499600544219256
0.6129918195313175
0.5716633121258272
0.5244692192607783
0.472599222607633
0.415672909913112
0.35298323692501676
0.28471140951947915
0.21222048084102307
0.13962281975093171
0.06262766911525475
-0.020538479477955285
-0.10486423412064094
-0.19035532048256099
-0.2775052654888943
-0.36458269584810155
-0.45178841464288166
-0.535528358374312
-0.6145686945850171
-0.6893844093886885
-0.7586397467656187
-0.8201295348378117
-0.872840024040189
-0.9180294288476167
-0.9506847630438722
-0.9728897288600529
-0.9835746457932151
-0.9818397377649235
-0.9631546292536648
-0.9376091606567858
-0.7810841025442006
0.08388870860276842
0.47708376477637104
0.251003322138021
-0.0489560909233937
0.24898409917261333
0.45686440182730625
0.2725984407740749
0.3748613920115791
0.5245085477892701
0.4878563079243996
0.5376646015805315
0.5757107824731131
0.581361368886179
0.6059340948388134
0.624224957747425
0.6403023157710608
0.647734626873373
0.6478610275885162
0.6420080903217023
0.6292337297300739
0.6108945324064312
0.5837293180876015
0.5499683474276622
0.5116283757042304
0.46747563948686865
0.41753535013196164
0.36231924738381505
0.3014552847501093
0.23613660707131934
0.1675458635055349
0.09452616532530689
0.01924472816255718
-0.05735051899933952
-0.13672386345139764
-0.2190372592355414
-0.30142915852828245
-0.38001525221710364
-0.4547621795007093
-0.5293170418375863
-0.6024478399465714
-0.6699588540665673
-0.7347648740028163
-0.7946479095630954
-0.8468950110748978
-0.8910891689378959
-0.9233119825196408
-0.943210592308678
-0.9516336509413488
-0.9562203240108016
-0.9504721447344433
-0.9369863752903194
-0.8993523152789091
-0.8587227924547951
-0.651302883585217
0.14252038719824145
0.41922439514695453
0.18928756801007474
-0.012127351357364757
0.31169287848046934
0.40716037977890784
0.24056218019685938
0.3948741158601088
0.47344112195500654
0.441677329523118
0.501363535977186
0.5247423591390215
0.5424863693144899
0.5660881594977529
0.5830742658476009
0.5949681735633361
0.5967231291577675
0.598824018316676
0.595419937307383
0.5854613335643102
0.567468419916574
0.543297673466741
0.515788360331553
0.4817140003299629
0.4413280370839927
0.3943757123572087
0.34129356227275753
0.2831800792344268
0.22149458764021035
0.15687840130817432
0.08847078854141821
0.016447234844973124
-0.057331846746103254
-0.13044872769960203
-0.20292426039012823
-0.2756113288688451
-0.34967137777782553
-0.42394627232197934
-0.4981052441578473
-0.5718800514083024
-0.6442444544896695
-0.713566607756579
-0.7785298530191411
-0.8399254280302826
-0.8930323940310108
-0.9287928428139627
-0.945835521027975
-0.9587299885137597
-0.9414359806054418
-0.9416090878405503
-0.8901393495647936
-0.9058281925778975
-0.44032794377662987
0.34184593288728937
0.3767634464494698
0.06427536679165291
0.05321709822448373
0.4546702749308993
0.3864899070760537
0.3408103302583696
0.537263956425784
0.5591145724941802
0.5695385792012917
0.6329740543776052
0.6610326374343347
0.6969819318628456
0.7315111557497034
0.7584645092406974
0.7770955831648496
0.7872689829329584
0.786297670883392
0.7750942504502645
0.7581559355362013
0.7322167289827115
0.6989545486889566
0.6620787732953868
0.6174272325172281
0.5674151230172162
0.5137960988724755
0.4540494969834985
0.38976354407660985
0.32026224388580604
0.24533800050884214
0.16546671888004427
0.07889074247135985
-0.009281879867587328
-0.09502797961464449
-0.18143584280599168
-0.26940057723868716
-0.3572548808067597
-0.4428293720727867
-0.5266725521630491
-0.608717264277268
-0.6872273279241872
-0.7623881012161022
-0.8335029900052937
-0.8968166163536462
-0.9517777921021413
-0.9954679459075875
-1.0260527077704091
-1.0446158102831826
-1.0495277096728544
-1.040442203813899
-1.0222171015859005
-0.9813204932455393
-0.9495430630755461
-0.8761915983090627
-0.7481752734447711
0.1664527659095698
0.444042369814464
0.06336851415807487
0.020696727761828404
0.3122689185877272
0.4819058090221018
0.3447824078909334
0.4865112376223204
0.5954066561842015
0.5774749821354708
0.6349215821652567
0.6636712604617969
0.6748087790703083
0.6987497565365768
0.712842976480601
0.7176849101607141
0.7168897184422152
0.7078742538180278
0.69220782528661
0.6707062231263461
0.6419412549320906
0.6070167311419561
0.5672171812901527
0.5214332408927171
0.4699951016806647
0.41343382372286164
0.3523927652356431
0.2881967511190211
0.22087014057224907
0.15114114685110325
0.080183758878555
0.006968662484240884
-0.06779900609649658
-0.1432883332077015
-0.21887681102257872
-0.2944064637365327
-0.3680825070965317
-0.44058744126234695
-0.5116539405443881
-0.5795790826594462
-0.6397781757038388
-0.6958591577730995
-0.7482202528552353
-0.7950466797432294
-0.8393642594361603
-0.8779623425356666
-0.906909647219309
-0.9256346615053834
-0.9326663697573814
-0.936208639221979
-0.9108385827561265
-0.8982587032659453
-0.8249721224119981
-0.7829272064051671
-0.17484548434516967
0.40821713847164887
0.2955044817246171
0.07260738422435042
0.1258855459913446
0.4376170679310718
0.34899913640550007
0.32193012093936324
0.4955311164458087
0.5013009013366732
0.5124830591138061
0.5680777413127196
0.5765752570960196
0.5925325636087988
0.6117424697913887
0.6214349961516568
0.6249657896540162
0.6251332097855278
0.6194478775337193
0.6068565766221341
0.5900212531219873
0.565573971112574
0.5354118248584789
0.5003483197612515
0.45930287114584933
0.4139373616432962
0.3641970011031377
0.3101117644477003
0.25226018587893306
0.19048628203541318
0.12481303177066838
0.056524047711824954
-0.01444675424322961
-0.08686306559713453
-0.15827605679014933
-0.23034683008398815
-0.303039939027387
-0.37323847590983217
-0.44182767805766554
-0.5095391878859554
-0.5749208444532248
-0.6366623087525514
-0.6943916747940047
-0.7442628262422284
-0.7868833632097099
-0.8255061254204508
-0.8551901570876215
-0.8750881057010682
-0.885049726618075
-0.8871683865008921
-0.8714583751472533
-0.8544076806842509
-0.8038064254457509
-0.7696889457306493
-0.49767855466966004
0.22899398637725144
0.39272908563893116
0.19202522789545173
0.0695204249170116
0.40003605115562557
0.4748882769715219
0.3634093769750999
0.5235195890276685
0.597095779704492
0.5815585424548158
0.6476478266347394
0.6770643119708273
0.6943408706647431
0.7244259980872978
0.7425307886914563
0.7502552097023554
0.7528724493574082
0.7499128565324558
0.7389867953087819
0.7226382536787856
0.6995439012377829
0.6677697577689199
0.6279894688555705
0.5805642476887392
0.5266873017540321
0.4656039002687762
0.39965756810472297
0.3286992822126191
0.25234941077766715
0.17246500308847734
0.08917045890710007
0.004123086344114846
-0.082075853761582
-0.17004037029530927
-0.25673040001773906
-0.34190774298216553
-0.4257293450928823
-0.5083797082396186
-0.5890163589761954
-0.666482880062818
-0.7413677303881374
-0.8129315107600799
-0.8766789482026041
-0.9296975943704222
-0.9708813092499327
-0.9997713591124531
-1.0167606799688071
-1.0214072986352467
-1.010879715037352
-1.0028423384417664
-0.9658732713364686
-0.9525569318718339
-0.8642404717495373
-0.8269648200970887
-0.12124810393683161
0.4737412923411264
0.16840623370238061
0.02169861937006301
0.19759064898769485
0.4693560446268452
0.34473192884229276
0.3898977227761109
0.562159532828099
0.5465169779676657
0.5868632952364654
0.6423600779512779
0.6538668141585076
0.6781728115092274
0.7014224775818938
0.7145693206808184
0.7196726311588928
0.7204891971335434
0.7150482636944551
0.7042389931889785
0.6883652798852762
0.6664977712744977
0.6372617073349347
0.6031791555234833
0.56378664638068
0.5191466930324078
0.4703519073571265
0.4181946285673577
0.3619772147637661
0.3020627523657622
0.23862056764100426
0.17111427329374784
0.10019521793565822
0.025928207619668076
-0.05093326733406922
-0.1285591816325855
-0.20786079542628721
-0.28792653986342787
-0.3670478627520182
-0.44440879084085916
-0.5195564969550128
-0.5916587099669193
-0.6608234410669924
-0.7262377114600684
-0.7875121992354628
-0.84372717161094
-0.8929899937756365
-0.9315930870526716
-0.9576602123369526
-0.9709343747374772
-0.9740153911766845
-0.962907555265939
-0.9479930417032354
-0.922663850029152
-0.8899400028039532
-0.8355077662989747
-0.7828426861287858
-0.5336453603079732
0.2630241745323101
0.36772851500383985
0.15258036104645845
0.09217494064659082
0.36477548479149013
0.4649227749596685
0.3494547016774199
0.5023067199504541
0.5828172200747137
0.5663120661824639
0.6319361565917292
0.6670404590110093
0.683700308471749
0.7124949172092556
0.7332022746584137
0.7457279083760375
0.752713943922378
0.7539983388442824
0.7498254657218706
0.7398927977151459
0.7236582211162366
0.6991747128471442
0.6661575937963633
0.6273747187552916
0.5831696569271676
0.5322344420895215
0.4774129234711695
0.41844787655331284
0.35484087478947
0.2886946266052488
0.219514857059822
0.1472607996812525
0.07363869924573274
-0.002400636356903796
-0.0806415043597597
-0.15761711013123492
-0.23544831770383645
-0.3145766208241505
-0.3925584866161218
-0.4698463665186403
-0.5462388694099158
-0.6211502055368472
-0.6933593806484448
-0.7616814044414864
-0.8244517538774399
-0.8801373903186582
-0.9278329991099672
-0.9655211621793343
-0.9878621282308147
-1.0000334705779386
-0.9991575904272256
-0.9865794671665471
-0.9571630875968822
-0.925445603869266
-0.7491300363694791
0.12682080235700255
0.42569325556067494
0.21331498153899586
-0.02561608649642766
0.21099889986241882
0.4171616565645442
0.2718908509742688
0.3396656277345247
0.4849729649594483
0.46838675762975734
0.5047209455456436
0.5437055727799107
0.5460146980620375
0.5605062820018367
0.5738006144296848
0.5808999538483277
0.5812503105035993
0.5757955411914946
0.5651121632309044
0.5478831707145766
0.5262744655026479
0.4998363868990263
0.46748026520513
0.4320937294162186
0.3925277001824039
0.3489823488402206
0.3024301114750876
0.25216149249897235
0.19796814417249964
0.13958081414811963
0.07842848304042294
0.01711008214450338
-0.04303317791232697
-0.10408057528112558
-0.1662847600401296
-0.22663718659040422
-0.28730169683106643
-0.34811235503835114
-0.4077157937663278
-0.46584898868329194
-0.5231526097948063
-0.5791269604722591
-0.6307613783044936
-0.6784112421457644
-0.7224185205186355
-0.759517299290001
-0.788063289131939
-0.8101067689577581
-0.8242486286050892
-0.8314394885409992
-0.8311012344093105
-0.8214717861409886
-0.8072351017267256
-0.7737411225371997
-0.7430642677421191
-0.6764190690593095
-0.5640019017922668
0.07704523018807974
0.3537014046824809
0.1234492542809531
0.07860566432687577
0.24075444608173724
0.3833555783027325
0.3108402542737414
0.3983522402377493
0.4843144406590032
0.4858617359860502
0.537956996037356
0.5757682461333249
0.5987448193815617
0.6263970283416744
0.6526970008432691
0.6729232760924286
0.6878646057256432
0.7007622103338402
0.7095574909037308
0.7126419630566698
0.7111672328161802
0.70297259630492
0.6872955421402172
0.66580004213428
0.6384588098578505
0.6059294881783641
0.5725489501269478
0.5381500971539339
0.49965971652135033
0.4572480341657015
0.4120296825188172
0.3633740529773286
0.31116710184991625
0.25593797270957097
0.19773890827882168
0.13658338510014456
0.07221963268468423
0.0024810929368461743
-0.07057257880022405
-0.14448820173386112
-0.22061300928168048
-0.29871705230707146
-0.37780303834022666
-0.4574111006095838
-0.5377097473181109
-0.6173269055822987
-0.6923335286360683
-0.7586373093364784
-0.8189851450377392
-0.8734571920379808
-0.9205846567419087
-0.959692158600371
-0.991763327647404
-1.0141483710778254
-1.0265231811908757
-1.0300415882252145
-1.016001413138004
-0.9928079289495808
-0.950513561003206
-0.9036658084940679
-0.8184493968863702
-0.751351525961732
-0.39083973674080674
0.3249764187524131
0.3411837002034299
0.14594731483587253
0.19239108443465192
0.506020535916262
0.50374833106188
0.46273324480826106
0.6312493443177294
0.6590240857009739
0.6777027112758636
0.7430743322354241
0.765397327594495
0.7900427740553455
0.8125654019460002
0.8219605741201492
0.8201689124603755
0.8116935877572524
0.7943641833806183
0.7693032138881017
0.7368362136868893
0.6962218193134249
0.6470041439375445
0.5910309706297641
0.5292222301167953
0.46210032631196696
0.3916365256217782
0.3194251706374702
0.24323457865974962
0.16301812326907372
0.079726055001617
-0.007674371361124255
-0.096935629131087
-0.18531919491959226
-0.27331955590864787
-0.36171552613085867
-0.44888274933181993
-0.5349961798446996
-0.6166231511868472
-0.6932892071578651
-0.7647099761472069
-0.8299542173821655
-0.8876046323338298
-0.9367318921367178
-0.974797287196767
-1.0026230706449546
-1.0148622505826994
-1.0225523759412836
-0.9973066256422287
-0.983699581926424
-0.9070993617346548
-0.8917777916609393
-0.3590578488598437
0.48124972346422323
0.3085813544764373
0.05056538220337181
0.18923265875217155
0.5577345621054219
0.4625432835498655
0.4330314006755538
0.6292906658221193
0.6235226475505702
0.6308354406297905
0.6829644057381694
0.686638700130858
0.6988324401952808
0.708219146363728
0.7058595974084902
0.6916227439326323
0.672461905984606
0.6481808651139482
0.6172297796065065
0.5822243323560379
0.5428725247213513
0.4988355612857205
0.44919432329489073
0.39367512861226395
0.33629265960241916
0.2758829347031688
0.20910632896937065
0.13683067060124277
0.060332246156108216
-0.018126286215591758
-0.09852322149062953
-0.1789370499522387
-0.25695967264934394
-0.3358301910439012
-0.4112436529411645
-0.482668886460464
-0.5522883481455523
-0.6178172466402638
-0.6764241577413292
-0.7283058432833895
-0.7747154755651211
-0.812550680608997
-0.8424231817560712
-0.8667576331220941
-0.8836127078096281
-0.8909722694728162
-0.8870901238598097
-0.869536923421657
-0.8467783167314056
-0.8008471793339327
-0.7559979085818167
-0.6743122728546975
-0.6089883259880717
-0.19451781448424255
0.36191989971558636
0.23995578539577922
0.11869633787622824
0.22048763241349034
0.4259197914623165
0.39184614112848815
0.4197502427139628
0.5427910968138676
0.5452135125958222
0.5796952800383466
0.6212189122290646
0.6359601558837666
0.6576830019071804
0.6746474058005767
0.683260383242642
0.6862506652112728
0.6855766583749241
0.6811743210931205
0.6737911077172378
0.6609767198036516
0.6445201744179949
0.6236537386615162
0.5969936719932794
0.565779657752653
0.5284847841590334
0.48542030770710287
0.4380041880750518
0.38550400664415685
0.3291709572281767
0.2698501939251421
0.2076440180482373
0.14308639061238582
0.07575993617639698
0.00638184084246296
-0.06401511137520721
-0.13408587185646592
-0.2029017114226921
-0.2697479376352554
-0.33592023944804916
-0.40169460483755515
-0.46645043454821167
-0.5300749598023295
-0.5918489882417721
-0.6519071506341136
-0.7087513493035771
-0.7578711549889623
-0.7964559389349302
-0.826328281441135
-0.8498003247822576
-0.8652325314096636
-0.8718887096110688
-0.8681015777815673
-0.8499288446717492
-0.8254493891223635
-0.7877927389415338
-0.7481805672664721
-0.676399765161384
-0.5887011983987072
-0.07104925132312134
0.36047795713857855
0.3018842393157426
0.08149649164986927
0.2373357235943927
0.4524635181697345
0.34908253796406763
0.3995374394130864
0.5202546133092105
0.5102550107798307
0.5411057259773231
0.579182893617755
0.5885431714836322
0.6046842737539713
0.6150953846493077
0.6158568295442779
0.6104107274743236
0.6000763610872475
0.5835734991412624
0.5619736400412787
0.5361352303756077
0.5066763423086544
0.4743345181059073
0.44060328679448624
0.4036579684952648
0.3631797429000292
0.3199335048597143
0.273161958579784
0.22339558371107904
0.17033952117270212
0.11382971788497764
0.05514474754567544
-0.006007901665996407
-0.06868600701970395
-0.13207991085174475
-0.19701707176500438
-0.26158629841114633
-0.32574954720587934
-0.39110267405712307
-0.45679312653624793
-0.521951821458202
-0.5853297498021282
-0.642099935582519
-0.6896322580808998
-0.7300560704128136
-0.7638153346359875
-0.7898188956228971
-0.806061015193658
-0.8127408733107258
-0.8082285640661007
-0.7987235985380945
-0.7710602978524168
-0.7439411920503223
-0.679571481155123
-0.6335756888540587
-0.29820857987810445
0.27771114276179487
0.33324897441069545
0.1558832678981239
0.13303025047452222
0.40675946872299606
0.4015387312929328
0.35060682201525184
0.48967527181219017
0.5211918502580835
0.519675174169369
0.5705449593607987
0.5910660760418747
0.6088049008373839
0.6319023977904636
0.6475427382848644
0.6547631755632097
0.6568862413895589
0.6536251146154763
0.6435892650336803
0.6292494824003385
0.6090383288789925
0.5820537390798042
0.5488240905942692
0.5103870797849033
0.4665864137274176
0.41698923762180273
0.3623030993971268
0.3036959066891307
0.24030015954243789
0.17249088291073456
0.10156895753499295
0.02718482105708242
-0.050305126630243
-0.13029489708324116
-0.21412983020186616
-0.2982082728868414
-0.3797104745093236
-0.45932671622880106
-0.5334459356368342
-0.6014506140468874
-0.6654713242807078
-0.724801875960527
-0.7784717489599458
-0.8277997335899001
-0.8707332904453615
-0.905580781887291
-0.9309610564677495
-0.9437664022214989
-0.9514829060832808
-0.9341458527771205
-0.9242300730132249
-0.8609222862668586
-0.8098798407187648
-0.1472191911453713
0.37374169318435113
0.3664566720865743
0.09939274286245459
0.10966166638574792
0.4483427173778973
0.3824577874672759
0.3283714321334559
0.4979001459240986
0.5223725379549187
0.5151505049028926
0.5689026403441062
0.5867505180835941
0.6021009301294287
0.6200319714836331
0.6303601755300421
0.6329948621021906
0.6289191706571526
0.6204872042926843
0.606079678358701
0.5861314147028795
0.5613010384079291
0.5303824087421534
0.49271705634835783
0.4502729076502181
0.40398351603007
0.3533593608659089
0.2994636316514856
0.2424209346863444
0.1823868819335117
0.11968558715796362
0.055027248780991744
-0.010321430487735483
-0.07799549189820354
-0.14703637362759814
-0.21441909992716068
-0.2826332061045047
-0.3485244946950883
-0.4101838667065283
-0.46957558723756776
-0.5251082708248429
-0.5765526072364069
-0.6266031648126429
-0.6749961808053517
-0.7224071130373293
-0.768439435859011
-0.8101519233236583
-0.8398607872155348
-0.8560999070612691
-0.8608836498999164
-0.8564609740220255
-0.8306298365951261
-0.8040984394691688
-0.7402670322538625
-0.668310313748719
-0.08011271953188848
0.40009236583945595
0.347678560258073
0.07840286078911607
0.16587594583086807
0.41696317591175713
0.339012247930671
0.33087060294917947
0.47117493341228656
0.48374614345121403
0.4953458617923516
0.540801407590696
0.5568973866625866
0.5701853462071234
0.5844275407203465
0.5939198890716186
0.5929106555178114
0.5873160050894062
0.5766734178225383
0.5584197214467048
0.5366928263575828
0.5098603262868919
0.4775011026055296
0.44011578908478066
0.3984576955580157
0.3533582052667317
0.3051026717270382
0.2540735089323385
0.20044831726580226
0.1435624555698829
0.08532902816926624
0.025007151114186943
-0.03772153162984759
-0.10179535422363628
-0.1673991679077944
-0.2350640107821329
-0.3016863453702996
-0.36540534268130154
-0.427862846444528
-0.4883067349198469
-0.5460482962831534
-0.6018081278530998
-0.6564093023537274
-0.708376799788065
-0.7563527335892686
-0.7960083340223032
-0.8237378479663153
-0.8412437940451638
-0.8454197855418002
-0.8377820281164245
-0.8215863463817419
-0.7909582578894234
-0.7577883101350178
-0.69727021749206
-0.5712632745418444
0.08243651746810166
0.34924971185227127
0.16463550027860485
0.038919222142258736
0.2374930834248703
0.3824630560060167
0.27396431755602446
0.3689814519010701
0.47220033968047526
0.4627131950120793
0.5115696549805406
0.549967933486248
0.5714967474254316
0.6003331212781737
0.6241472720759753
0.6408587833935653
0.649225029315287
0.6541582560150601
0.6526160035763833
0.6441774920366692
0.6319101276866341
0.6131737719875425
0.5881423750174641
0.5579497622301344
0.5220918084652046
0.48144452423968787
0.4369846740407879
0.388802645873064
0.33707529140682535
0.2822960373746426
0.22465287278629775
0.16399074589833385
0.10163560646993552
0.0368119558443456
-0.030733906911730724
-0.10049624469340879
-0.17241534277299264
-0.24364849881920003
-0.3138980086731502
-0.384555705824809
-0.45369197191241106
-0.5202498215792706
-0.5858489654538581
-0.6491248659697328
-0.7068121411876618
-0.7579052419868835
-0.8016326555029978
-0.8352214639304529
-0.8586032354303983
-0.8726393199632185